real_rollouts_rewards: [211.62344360351562, 1866.833740234375, 301.4951171875, 310.0035400390625, 153.38026428222656, 1824.41650390625, 1520.757080078125, 403.7099914550781, 1814.22509765625, 1331.363037109375, 393.0968933105469, 1870.2197265625, 637.7880859375, 1013.8726196289062, 380.9781188964844, 349.244140625, 311.7568359375, 318.03302001953125, 1810.6041259765625, 189.71347045898438, 1875.95751953125, 241.21328735351562, 383.8884582519531, 1420.8955078125, 299.98419189453125, 546.5873413085938, 117.77577209472656, 1809.3193359375, 734.5543212890625, 1866.59326171875, 1845.114013671875, 1883.6871337890625, 1883.9638671875, 1829.611328125, 317.42169189453125, 283.49005126953125, 297.56817626953125, 450.1907958984375, 1848.480712890625, 1838.12841796875, 886.8570556640625, 210.58143615722656, 184.1052703857422, 745.9359130859375, 1873.67333984375, 601.2904052734375, 1847.9447021484375, 293.6097717285156, 1900.3193359375, 1858.69189453125]
mean_reward: 983.8109832763672
std_reward: 714.1791033335702
