real_rollouts_rewards: [2040.96044921875, 2038.979736328125, 2040.3570556640625, 2036.66357421875, 2037.429931640625, 2038.294677734375, 2040.9482421875, 2040.3834228515625, 2040.350341796875, 2040.666259765625, 2039.5723876953125, 2037.8465576171875, 2039.3739013671875, 2037.873046875, 2036.791259765625, 2039.0487060546875, 2036.8482666015625, 2039.5008544921875, 2036.89208984375, 2037.049072265625, 2036.734375, 2040.26513671875, 2040.025634765625, 2036.8914794921875, 2037.6326904296875, 2037.0657958984375, 2039.004150390625, 2038.1226806640625, 2037.9052734375, 2036.630126953125]
mean_reward: 2038.5369059244792
std_reward: 1.4661519699239283
