real_rollouts_rewards: [132.61952209472656, 204.607421875, 135.0857391357422, 449.0029296875, 740.864990234375, 511.9078063964844, 756.5015258789062, 525.5084228515625, 126.2046890258789, 276.0541076660156, 143.5705108642578, 136.3009796142578, 150.9406280517578, 136.56192016601562, 146.3025360107422, 137.32852172851562, 139.8478546142578, 137.7732391357422, 924.1111450195312, 801.278076171875]
mean_reward: 335.61862831115724
std_reward: 267.719762673847
