real_rollouts_rewards: [2029.956298828125, 2031.180419921875, 2030.7861328125, 2029.89599609375, 2032.9996337890625, 2032.722900390625, 2029.7255859375, 2030.4189453125, 2031.7264404296875, 2030.71337890625, 2032.2548828125, 2031.28466796875, 2033.0029296875, 2031.60107421875, 2030.30419921875, 2031.67529296875, 2031.52294921875, 2031.1787109375, 2031.1678466796875, 2030.056640625, 2030.453125, 2031.0042724609375, 2029.392822265625, 2030.321044921875, 2030.33154296875, 2030.646240234375, 2029.934326171875, 2029.781494140625, 2031.0185546875, 2031.006591796875]
mean_reward: 2030.935498046875
std_reward: 0.9403632170418036
