real_rollouts_rewards: [930.2919921875, 1069.68798828125, 1081.2412109375, 995.497802734375, 1024.279541015625, 1078.051025390625, 571.51171875, 573.54541015625, 1039.6043701171875, 739.2545776367188]
mean_reward: 910.2965637207031
std_reward: 194.31233256156673
