real_rollouts_rewards: [2036.891845703125, 2038.750732421875, 2038.032958984375, 2039.708984375, 2042.2379150390625, 2034.98681640625, 2038.2301025390625, 2031.4747314453125, 2039.77685546875, 2040.6307373046875, 2037.72998046875, 2039.91015625, 2040.706787109375, 2041.1875, 2032.876708984375, 2038.155517578125, 2039.9248046875, 2036.8336181640625, 2037.543701171875, 2035.127685546875, 2035.350341796875, 2037.32568359375, 2036.4334716796875, 2038.0728759765625, 2038.8619384765625, 2039.4462890625, 2033.11376953125, 2038.7060546875, 2039.29931640625, 2037.7989501953125]
mean_reward: 2037.8375610351563
std_reward: 2.473508174661278
