real_rollouts_rewards: [1742.70166015625, 1183.0142822265625, 1790.91552734375, 1200.176025390625, 367.9111328125, 249.01829528808594, 264.5245361328125, 1797.537353515625, 1205.075927734375, 1210.9166259765625]
mean_reward: 1101.179136657715
std_reward: 580.9808450690591
