real_rollouts_rewards: [137.37460327148438, 1346.46826171875, 1515.1181640625, 272.3701171875, 114.5875015258789, 132.21446228027344, 128.41659545898438, 1048.879150390625, 306.09942626953125, 123.49942016601562]
mean_reward: 512.5027702331543
std_reward: 532.0925123962476
