real_rollouts_rewards: [93.34602355957031, 1043.401611328125, 1377.539306640625, 1319.1845703125, 105.65496063232422, 92.32623291015625, 93.26553344726562, 95.3264389038086, 1413.0352783203125, 1001.8419799804688]
mean_reward: 663.4921936035156
std_reward: 580.5921726221256
