real_rollouts_rewards: [1582.7312352210283, 1254.9927578866482, 1631.5746401399374, 1601.5933882445097, 553.5179564505816, 1711.467836111784, 1740.3078924566507, 318.93682242929935, 1684.047513306141, 1276.2841894626617, 1735.9793713539839, 1630.133502677083, 1717.481703698635, 344.93243481218815, 338.74857299029827, 1645.0975196957588, 1737.8196980059147, 1635.9588948190212, 1735.6687098741531, 1724.021217852831, 1697.754637748003, 388.6271592229605, 1617.5530249625444, 1511.134985357523, 1644.4565445035696, 1738.0141187906265, 1665.416205868125, 1026.7938717156649, 1741.9197700619698, 1579.284301072359, 509.933824211359, 234.84269338846207, 1527.8335629999638, 1667.49403911829, 1323.1027534604073, 1574.385674610734, 1598.2574279755354, 1566.19709867239, 1270.1257155388594, 1740.661955550313, 304.0666646063328, 435.6461078673601, 1620.9547982811928, 1280.7016136944294, 1332.353842690587, 1576.6830685287714, 1743.132693439722, 329.5878156274557, 1755.111654907465, 101.7900079190731, 1286.9417448341846, 114.38453711569309, 755.1729953214526, 1649.9292375147343, 1731.3942016512156, 1458.878823429346, 1749.1341437995434, 242.05304008722305, 1274.310227394104, 1529.220366731286, 1592.6982429772615, 819.5965581387281, 1667.9416997432709, 1730.450213342905, 1641.5438650399446, 221.12030652165413, 261.496358782053, 1779.3923588991165, 1642.329168960452, 1305.3356852084398, 1679.1828986406326, 1293.4886332005262, 137.6363575309515, 1629.6477653384209, 1624.6157062798738, 1744.551265090704, 99.79339674115181, 1707.1483292281628, 1675.7115085721016, 258.128437101841, 228.763259395957, 1663.0417758375406, 366.9984123259783, 1357.415245115757, 216.47595524787903, 206.56333069503307, 1688.5146370381117, 237.5718715786934, 1542.7625440955162, 1648.0268506258726, 382.6507893949747, 1539.4153680354357, 104.16618712246418, 394.16907078027725, 232.48908773064613, 1773.9421315044165, 141.66348738968372, 1745.2507603764534, 160.56326965987682, 1626.7265574783087]
mean_reward: 1192.65512154527
std_reward: 618.0810659563945
description: "reward when deployed on sim with double mp"
