real_rollouts_rewards: [208.31268310546875, 226.2361602783203, 193.18899536132812, 232.28469848632812, 214.362060546875, 198.24322509765625, 225.220947265625, 231.04718017578125, 252.0997314453125, 255.22445678710938, 274.6119689941406, 224.18780517578125, 228.25775146484375, 228.06591796875, 227.26622009277344, 217.10543823242188, 251.2703857421875, 240.28033447265625, 297.951171875, 359.79315185546875, 236.11537170410156, 222.1638946533203, 201.20556640625, 304.6513671875, 234.10032653808594, 227.17459106445312, 203.29306030273438, 190.35757446289062, 218.35601806640625, 193.36575317382812]
mean_reward: 233.85979359944662
std_reward: 35.736874198554055
