real_rollouts_rewards: [1299.554931640625, 1399.541748046875, 1381.312744140625, 1321.997314453125, 1230.1927490234375, 1284.638427734375, 591.8309326171875, 1350.81298828125, 1393.56591796875, 1326.7801513671875]
mean_reward: 1258.0227905273437
std_reward: 227.60705529962422
