real_rollouts_rewards: [350.8465576171875, 1747.22998046875, 1481.8450927734375, 1596.715576171875, 1770.85400390625, 1816.23486328125, 1699.9979248046875, 255.55101013183594, 1777.4814453125, 1798.7630615234375]
mean_reward: 1429.5519515991211
std_reward: 571.8395477228545
