real_rollouts_rewards: [409.53570556640625, 397.77764892578125, 408.4736328125, 407.1864929199219, 406.4120178222656, 402.48968505859375, 409.3338928222656, 407.8866882324219, 409.0603332519531, 409.1092224121094]
mean_reward: 406.7265319824219
std_reward: 3.585468110257241
