real_rollouts_rewards: [1340.99267578125, 1428.610107421875, 280.4003601074219, 1283.665771484375, 291.0694885253906, 1424.760986328125, 1327.9521484375, 1294.4892578125, 399.8459777832031, 1369.43994140625]
mean_reward: 1044.1226715087892
std_reward: 474.63207437786497
