real_rollouts_rewards: [1772.998046875, 1676.0439453125, 1729.982177734375, 272.5507507324219, 1733.93212890625, 265.85552978515625, 1779.0364990234375, 1774.2001953125, 1807.6187744140625, 1738.505859375]
mean_reward: 1455.0723907470704
std_reward: 593.9070844560854
