real_rollouts_rewards: [521.9058837890625, 1302.7041015625, 353.75701904296875, 1319.707275390625, 1297.3427734375, 1175.811767578125, 1406.4368896484375, 1288.70654296875, 1381.2415771484375, 1160.4737548828125, 1315.1436767578125, 959.1631469726562, 1287.206298828125, 1334.7294921875, 1244.488525390625, 571.0900268554688, 1228.932373046875, 285.6429748535156, 1426.01513671875, 1608.36865234375, 1274.4339599609375, 1382.267333984375, 1262.11962890625, 388.6402587890625, 596.4945068359375, 779.5784912109375, 1249.871337890625, 776.470947265625, 1253.965576171875, 291.21014404296875, 1174.419189453125, 1251.236572265625, 1260.892333984375, 1257.386474609375, 725.1048583984375, 1259.889404296875, 1677.013427734375, 1203.448486328125, 1291.6878662109375, 1264.6005859375, 1367.77392578125, 1285.18701171875, 1485.9361572265625, 1404.882080078125, 1504.23681640625, 1312.685546875, 1196.030517578125, 1265.827880859375, 1410.0220947265625, 676.4786987304688]
mean_reward: 1139.9732000732422
std_reward: 345.9451600615953
