real_rollouts_rewards: [1524.587890625, 238.25506591796875, 240.1568603515625, 614.1246337890625, 169.4747772216797, 242.57550048828125, 187.0908203125, 227.60533142089844, 314.8678283691406, 1472.2913818359375]
mean_reward: 523.1030090332031
std_reward: 502.0703051703706
