real_rollouts_rewards: [1412.6318359375, 1608.193115234375, 252.00193786621094, 1677.49462890625, 323.67462158203125, 1246.80517578125, 1551.45751953125, 1332.093505859375, 633.9478759765625, 1177.8792724609375]
mean_reward: 1121.6179489135743
std_reward: 500.9101928949314
