real_rollouts_rewards: [772.7253905832767, 1304.9070301502943, 1268.836326494813, 1846.8187496513128, 1253.9056648164988, 1211.3439454585314, 1233.455468684435, 1374.7812495678663, 242.83535181730986, 1576.7906238734722, 1422.9224597662687, 1438.513672426343, 1234.8921882212162, 1713.8406245410442, 1323.6539065539837, 174.8732422143221, 1262.6874986961484, 1246.161329060793, 1287.3048822432756, 1258.0677746236324, 1264.943164408207, 1349.5925784558058, 288.7978510260582, 1321.297264546156, 176.56015627086163, 1320.5462889522314, 1214.8703129291534, 1326.5804690867662, 1593.108398154378, 1316.2767579257488, 1706.1400397270918, 1559.616797760129, 216.33691380918026, 1769.8031236678362, 1241.9371093511581, 1764.4478512108326, 1218.2812498286366, 1260.1587891578674, 1211.5373034626245, 1260.2187506854534, 1251.4958982020617, 1240.891211465001, 1800.811523988843, 1240.8187506347895, 1232.3763670176268, 1219.7271467149258, 1444.4222646206617, 1528.4181635677814, 215.12031212449074, 1701.7835938185453]
mean_reward: 1234.1246756403148
std_reward: 423.9772434387875
per_step_rewards: [0.7345298389574874, 0.636850673572618, 0.6192466210321196, 0.901326866594101, 0.6119598168943381, 0.591187869916316, 0.6019792428913787, 0.6709522935909548, 0.5144816775790463, 0.7695415441061357, 0.694447271725851, 0.7020564531119292, 0.6026804237292417, 0.836427830425107, 0.6459999543943308, 0.4713564480170407, 0.6162457289878713, 0.60818024844353, 0.6282600694208276, 0.6139911052335932, 0.8041596722239078, 0.6586591402907788, 0.5775957020521164, 0.6448498118819697, 0.4810903440622933, 0.6444833035394004, 0.5929088886916317, 0.6474282425996907, 0.7775053187673879, 0.6423995890316002, 0.8326696143128803, 0.7611599793851288, 0.4786214907282749, 0.8637399334640489, 0.606118647804372, 0.861126330507971, 0.594573572390745, 0.6150116101307308, 0.5912822369266103, 0.6150408739314073, 0.6107837472923678, 0.6056082047169357, 0.8788733645626369, 0.6055728407197606, 0.601452594932956, 0.5952792321693147, 0.7049400998636709, 0.7459337059872042, 0.5324760201101256, 0.8863456217804924]
mean_per_step_reward: 0.6625878342696445
std_per_step_reward: 0.10776703254722127
