real_rollouts_rewards: [2021.137939453125, 2015.00537109375, 2026.495361328125, 620.9043579101562, 2014.93603515625, 1845.159912109375, 2010.000244140625, 2006.0643310546875, 2023.0521240234375, 2025.360107421875, 2013.6343994140625, 2024.3076171875, 2015.867431640625, 2028.293701171875, 2019.361328125, 1026.9560546875, 2025.12939453125, 2029.7860107421875, 1453.0577392578125, 2021.3958740234375, 2006.892578125, 2013.96630859375, 2024.514404296875, 2030.050048828125, 2026.8214111328125, 2027.0552978515625, 2030.40966796875, 2024.97265625, 2023.201171875, 2015.15478515625]
mean_reward: 1916.2981221516927
std_reward: 314.86841159115073
