real_rollouts_rewards: [1389.6484375, 1485.48681640625, 1375.3870849609375, 1481.8544921875, 1510.14208984375, 1609.890380859375, 1237.8046875, 1477.011474609375, 1395.8896484375, 1608.320068359375, 1730.355712890625, 1299.1015625, 1394.853271484375, 1407.0997314453125, 937.959716796875, 1537.5657958984375, 1493.9957275390625, 1431.34521484375, 1392.5908203125, 1614.5943603515625]
mean_reward: 1440.544854736328
std_reward: 161.46239447242255
