real_rollouts_rewards: [1107.906005859375, 446.7255859375, 1749.3892822265625, 1738.4483642578125, 240.74375915527344, 756.7288818359375, 1042.3330078125, 1097.9937744140625, 1134.4222412109375, 1101.6021728515625, 1166.5941162109375, 283.9839782714844, 1027.376953125, 712.329345703125, 1163.19775390625, 964.1298828125, 485.11151123046875, 1496.0574951171875, 1394.807373046875, 1163.389404296875, 1069.8343505859375, 1084.9556884765625, 1039.8668212890625, 983.4243774414062, 1036.75830078125, 957.842041015625, 606.3154296875, 957.1533203125, 685.3883056640625, 958.8859252929688, 1487.57421875, 1177.537841796875, 736.8650512695312, 1738.99169921875, 1438.05712890625, 1068.3248291015625, 1013.4207763671875, 501.2191162109375, 1060.281494140625, 1031.4482421875, 1332.484619140625, 1699.21484375, 970.9447021484375, 972.7193603515625, 1312.662109375, 940.8916015625, 933.29296875, 897.758056640625, 950.9251708984375, 916.613037109375]
mean_reward: 1036.6984463500976
std_reward: 338.06013380904045
