real_rollouts_rewards: [1231.05419921875, 1223.647216796875, 1377.3505859375, 1325.826904296875, 1315.298828125, 1371.07373046875, 189.55780029296875, 829.1865234375, 1349.20654296875, 1334.095947265625, 1382.7420654296875, 1291.270751953125, 1383.4801025390625, 443.12615966796875, 1208.3782958984375, 1233.1851806640625, 1353.531005859375, 1315.37744140625, 1297.361572265625, 1222.804443359375, 1377.363037109375, 1218.640869140625, 1384.109375, 1228.3597412109375, 1309.3287353515625, 433.9404296875, 1250.9681396484375, 1239.4615478515625, 1235.442138671875, 1285.021728515625, 1283.5223388671875, 1274.357666015625, 1269.073486328125, 1215.62939453125, 1204.550537109375, 1361.1513671875, 1355.6719970703125, 1246.44189453125, 1343.4345703125, 554.2249755859375, 1305.7945556640625, 1422.0235595703125, 1228.113525390625, 1262.2777099609375, 1241.456787109375, 1216.578125, 808.0570068359375, 1504.75732421875, 1348.0684814453125, 1339.830322265625]
mean_reward: 1208.5041333007812
std_reward: 265.4567559042168
