real_rollouts_rewards: [1663.17919921875, 96.75206756591797, 109.07596588134766, 227.3833770751953, 1834.19189453125, 1250.674072265625, 1275.30615234375, 1827.7376708984375, 1831.0577392578125, 1372.556396484375]
mean_reward: 1148.7914535522461
std_reward: 690.9463483587734
