real_rollouts_rewards: [245.93886733055115, 1240.7666012048721, 1216.035351663828, 1905.1525398641825, 123.66113322973251, 1227.2330095916986, 1233.9166013598442, 1227.7298826128244, 1224.5763661116362, 1862.7087879180908, 1219.3337890058756, 1226.177735030651, 1820.1818364411592, 1240.6380859166384, 135.0648436844349, 1562.5761693120003, 1900.7511700838804, 1244.5404301732779, 1262.2343753576279, 1222.6171882003546, 1893.4980449080467, 1227.076953023672, 1225.5523443073034, 1885.9472662210464, 1232.7763666212559, 1875.041795834899, 1903.8205081820488, 1221.474803864956, 189.58496096730232, 1907.5853526443243, 1245.2873057425022, 1831.3281242847443, 297.85488325357437, 1233.4378908723593, 361.58320274949074, 1229.1605470627546, 1257.8677729517221, 181.73515608906746, 1869.9632821530104, 188.4398436397314, 1219.7400390058756, 1208.94550819695, 1757.6216806173325, 1829.2443362921476, 1223.0876945853233, 1363.9982418566942, 1621.7507795393467, 182.4798828214407, 1903.9089840501547, 1210.5751954317093]
mean_reward: 1242.444070237279
std_reward: 554.4898406157406
per_step_rewards: [0.5323352106721886, 0.6055473895582587, 0.5934774776299795, 0.9297962615247353, 0.46142213891691236, 0.598942415613323, 0.6022042954416028, 0.5991849109872251, 0.5976458594981143, 0.9090818877101469, 0.5950872567134581, 0.5984273963058326, 0.8883269089512734, 0.6054846685781544, 0.480657806706174, 0.7626042798008786, 0.9276482040428894, 0.6073891801724147, 0.6160245853380322, 0.5966896965350681, 0.9241083674514625, 0.5988662533058429, 0.5981221787736961, 0.920423263163029, 0.6016478119186217, 0.9151009252488526, 0.9291461728560512, 0.5961321639165231, 0.5069116603403805, 0.9309835786453511, 0.6077536875268434, 0.8937667761272544, 0.5783589966088822, 0.6019706641641578, 0.6191493197765252, 0.5998831366826524, 0.6138934958280733, 0.4992724068380974, 0.9126223924612057, 0.5025062497059504, 0.5952855241609935, 0.5900173295251098, 0.8577948660894741, 0.8927497980928002, 0.5969193238581373, 0.6656897227216663, 0.79148403100993, 0.4958692467973932, 0.9291893528795289, 0.5908126868871202]
mean_per_step_reward: 0.6812881842811653
std_per_step_reward: 0.15363896688578554
