real_rollouts_rewards: [1749.8847360312939, 1706.6733371913433, 1777.8291721642017, 1759.7120950073004, 1743.9679033011198, 288.8664802759886, 1745.2744206786156, 321.55451768636703, 300.85621903836727, 205.368234872818, 221.4567230641842, 273.6709256544709, 278.48658572137356, 254.05195228755474, 372.7720456123352, 1782.4270679205656, 1757.1552038937807, 1724.8039126992226, 1742.3796832412481, 473.71047420054674, 317.495268702507, 1744.6718864142895, 212.73607257008553, 223.7934420183301, 338.03315068781376, 1728.8015403747559, 235.89712670445442, 210.86783668398857, 1750.1454054117203, 305.3416586667299, 1679.0345295071602, 516.9202851653099, 1670.2720053941011, 260.8772099763155, 361.57904420793056, 1791.4823987036943, 218.37215393781662, 255.05988790094852, 220.6739371418953, 1715.6004077196121, 214.40928915143013, 310.4833741635084, 208.5464138686657, 226.32528990507126, 1754.4611604511738, 1744.882097929716, 490.7513013482094, 237.85275754332542, 221.4442452788353, 316.96156515181065, 288.63852916657925, 92.4229187220335, 259.2733314484358, 357.5557060986757, 1681.149424701929, 1734.453244894743, 1613.2995676994324, 1671.8101832419634, 1652.0267079174519, 268.01506102085114, 434.1659235358238, 183.5853169709444, 1641.7130646407604, 463.43231767416, 220.14477288722992, 105.34560811519623, 240.4288849234581, 1762.365146458149, 204.59198962152004, 1757.6573139727116, 1294.7491040229797, 310.66748194396496, 209.32523514330387, 157.9105021059513, 1764.81788726151, 1706.8494496196508, 227.0535079985857, 210.6885367333889, 146.22329799085855, 242.60840079188347, 527.6561577767134, 1735.852837279439, 432.6387426406145, 202.70754066109657, 426.6853666603565, 1754.0082603543997, 213.32113927602768, 1744.0637271404266, 1687.3076325953007, 467.3253069370985, 1695.3132871091366, 420.80796641111374, 232.47637049853802, 304.4505197405815, 305.17512153089046, 232.5035135447979, 228.78386409580708, 412.74715266376734, 1754.6759662926197, 308.5346604883671]
mean_reward: 799.5467798424512
std_reward: 692.3679748816621
description: "reward when deployed on sim with double mp"
