real_rollouts_rewards: [586.0213623046875, 92.3990478515625, 1788.215087890625, 1773.629638671875, 1781.6846923828125, 1788.070068359375, 1798.22509765625, 1786.853515625, 1751.5615234375, 1241.109619140625]
mean_reward: 1438.7769653320313
std_reward: 583.182399840916
