real_rollouts_rewards: [1247.2205810546875, 197.58473205566406, 199.15017700195312, 209.5426025390625, 1350.926513671875, 1262.137451171875, 1534.39306640625, 1603.953857421875, 274.1416931152344, 1442.225341796875]
mean_reward: 932.1276016235352
std_reward: 590.7402302817869
