real_rollouts_rewards: [1738.586181640625, 1707.1270751953125, 292.1514892578125, 730.2535400390625, 1708.89208984375, 378.440185546875, 434.7735595703125, 1739.806640625, 1310.558349609375, 1718.9222412109375]
mean_reward: 1175.9511352539062
std_reward: 606.5243577066236
