real_rollouts_rewards: [2046.138427734375, 2047.28662109375, 2047.0810546875, 2046.83203125, 2047.3663330078125, 2046.320068359375, 2046.4251708984375, 2047.05322265625, 2047.523193359375, 2047.097900390625, 2047.6104736328125, 2046.5865478515625, 2046.167236328125, 2046.7783203125, 2046.635498046875, 2046.91796875, 2047.0028076171875, 2046.98193359375, 2047.072021484375, 2047.3211669921875, 2046.6507568359375, 2046.7330322265625, 2046.81494140625, 2047.0548095703125, 2046.8475341796875, 2047.1494140625, 2047.024658203125, 2046.9742431640625, 2046.9703369140625, 2046.3489990234375]
mean_reward: 2046.8922241210937
std_reward: 0.3633360303232219
