real_rollouts_rewards: [726.493408203125, 179.64198303222656, 1188.910888671875, 1734.13232421875, 122.58418273925781, 189.0166015625, 1207.04150390625, 185.96856689453125, 1198.309326171875, 614.9417724609375, 1181.7857666015625, 1781.1751708984375, 950.3123168945312, 143.044921875, 1224.2249755859375, 1197.4525146484375, 209.00701904296875, 1824.6976318359375, 1529.6204833984375, 1210.737548828125]
mean_reward: 929.9549453735351
std_reward: 576.4137869914604
