real_rollouts_rewards: [179.63119506835938, 1779.73583984375, 42.559425354003906, 218.1856689453125, 1776.266845703125, 175.40625, 43.976768493652344, 46.69218444824219, 1208.2017822265625, 1251.158935546875]
mean_reward: 672.1814895629883
std_reward: 703.2794161702404
