real_rollouts_rewards: [1341.394775390625, 1349.735595703125, 1185.3709716796875, 1294.76513671875, 1368.341064453125, 1322.1788330078125, 413.3525695800781, 1307.0771484375, 1286.876220703125, 1336.6263427734375]
mean_reward: 1220.5718658447265
std_reward: 273.3378799353207
