real_rollouts_rewards: [1359.280517578125, 666.8849487304688, 262.7822265625, 232.4695281982422, 468.8763427734375, 129.4814453125, 334.2406005859375, 265.3443603515625, 921.6953125, 556.4300537109375, 284.67303466796875, 219.9716796875, 914.131591796875, 288.1494140625, 344.1888427734375, 448.8650207519531, 129.8058624267578, 756.7513427734375, 509.7933654785156, 317.9091796875]
mean_reward: 470.5862335205078
std_reward: 306.8253153111341
