real_rollouts_rewards: [2022.03076171875, 2030.8330078125, 2027.000732421875, 2029.865966796875, 2029.5758056640625, 2030.0185546875, 2027.36083984375, 2031.75, 2026.8671875, 2024.409912109375, 2023.732177734375, 2027.16259765625, 2030.0113525390625, 2028.6873779296875, 2029.9896240234375, 2030.818359375, 2028.16748046875, 2023.685791015625, 2031.2412109375, 2029.80859375, 2029.196533203125, 2026.008056640625, 2028.015380859375, 2027.820068359375, 2029.732421875, 2032.8226318359375, 2028.221923828125, 2030.059326171875, 2029.242919921875, 2028.38720703125]
mean_reward: 2028.417460123698
std_reward: 2.473452132136841
