real_rollouts_rewards: [1162.72314453125, 927.9947509765625, 1018.4036865234375, 1438.3873291015625, 647.8325805664062, 1413.652099609375, 815.814453125, 97.62760162353516, 734.5120239257812, 1152.7598876953125]
mean_reward: 940.9707557678223
std_reward: 377.6891403629532
