real_rollouts_rewards: [1319.3211576789618, 279.037950322032, 1797.4440305233002, 1791.9016516953707, 152.61130590736866, 1499.300224199891, 1783.610089585185, 1721.004569247365, 1514.47692848742, 287.56418799608946, 1677.3499337434769, 374.84233041107655, 205.51998114585876, 1730.369306102395, 1529.0171461850405, 1754.9809632450342, 1694.8508545905352, 157.2177409082651, 1592.1632270812988, 326.529933065176, 1309.6550956517458, 1675.3418782800436, 1582.755691319704, 214.67440757155418, 228.3490249067545, 544.9337718486786, 1320.9599161595106, 1661.3313923180103, 496.48153795301914, 1309.7153471112251, 1537.3519764393568, 1791.45862108469, 1482.4183775931597, 1426.6919095814228, 1698.1037359386683, 1750.477511689067, 324.95694740116596, 1749.9175063222647, 1715.8430285304785, 976.5763860195875, 474.11641354858875, 1667.1799803972244, 240.33202408254147, 366.06743287295103, 1726.168974891305, 326.8113774359226, 1381.5153920650482, 269.363297522068, 49.31408999860287, 109.92841620743275, 1476.1884719729424, 391.0091418772936, 1523.5300071835518, 1748.8394188582897, 1717.3620103299618, 1786.8715831190348, 1477.0752853900194, 212.79303808510303, 1499.8377752155066, 1798.773459494114, 1534.2415689975023, 1783.1107088774443, 276.5172458142042, 1522.0272774398327, 229.85898503661156, 1544.5060969293118, 1535.1386425048113, 1618.7990137636662, 1695.7985809743404, 1767.4347913712263, 489.1940109580755, 1572.5908199250698, 1492.5503263771534, 235.2005221247673, 1723.4202602803707, 1560.9400921016932, 223.26817926764488, 1747.5800310075283, 1800.8107106238604, 1788.841509282589, 1485.2031651884317, 1697.305011510849, 1348.0735151469707, 1751.9260149002075, 1625.3195249438286, 1797.7078917473555, 512.4153571426868, 1734.6685887128115, 1785.2157658487558, 1630.1324470192194, 1435.5187984704971, 704.6724642217159, 1544.0088617950678, 1791.6261812150478, 221.80708447098732, 538.0437516123056, 1683.5072428584099, 226.98148553073406, 1329.3821330368519, 213.07657051086426]
mean_reward: 1194.2860639593005
std_reward: 627.3717938884643
description: "reward when deployed on sim with double mp"
