real_rollouts_rewards: [1789.0703125, 1691.689453125, 1767.382080078125, 237.90386962890625, 1780.878173828125, 243.33062744140625, 1819.3056640625, 695.8516235351562, 356.66082763671875, 169.8722381591797]
mean_reward: 1055.1944869995118
std_reward: 727.2793391751082
