real_rollouts_rewards: [91.96573638916016, 276.72894287109375, 1397.47412109375, 1362.8399658203125, 94.94467163085938, 1405.903564453125, 1391.0428466796875, 88.15373229980469, 1340.0791015625, 1362.696044921875]
mean_reward: 881.1828727722168
std_reward: 609.2268754499863
