real_rollouts_rewards: [1344.00341796875, 1286.6217041015625, 1415.171630859375, 1340.402099609375, 1342.5484619140625, 760.7025146484375, 1325.4012451171875, 1367.494384765625, 1337.1329345703125, 1364.57958984375]
mean_reward: 1288.4057983398438
std_reward: 178.62533456392012
