real_rollouts_rewards: [973.0757446289062, 1328.3359375, 442.44610595703125, 1290.9599609375, 846.138916015625, 1152.896484375, 632.5607299804688, 957.9075317382812, 1208.595458984375, 1271.3677978515625]
mean_reward: 1010.428466796875
std_reward: 283.5405484530962
