real_rollouts_rewards: [362.60467529296875, 259.7336120605469, 91.04940032958984, 100.78748321533203, 90.75447082519531, 95.18702697753906, 88.79766845703125, 85.44309997558594, 610.2919921875, 104.9450454711914]
mean_reward: 188.95944747924804
std_reward: 166.2189380210734
