real_rollouts_rewards: [1662.1341552734375, 156.5591583251953, 69.07963562011719, 1364.304931640625, 289.69195556640625, 1436.754638671875, 1660.244384765625, 1607.83984375, 1556.9344482421875, 269.0628356933594]
mean_reward: 1007.2605987548828
std_reward: 670.3541535288144
