real_rollouts_rewards: [1199.887939453125, 1211.390869140625, 168.11172485351562, 1213.038818359375, 1209.356201171875, 1400.7222900390625, 1553.9615478515625, 1264.490478515625, 1220.988037109375, 1207.2462158203125, 1263.026611328125, 1234.2701416015625, 1230.2958984375, 1385.137451171875, 417.7691650390625, 1269.755126953125, 1209.9107666015625, 1277.981689453125, 111.56035614013672, 1232.610595703125]
mean_reward: 1114.0755962371827
std_reward: 383.19616074011395
