real_rollouts_rewards: [170.59832763671875, 115.98861694335938, 92.14141845703125, 823.506103515625, 1781.1837158203125, 1756.515869140625, 236.43704223632812, 103.60308837890625, 159.0126953125, 171.34039306640625]
mean_reward: 541.0327270507812
std_reward: 646.628753246536
