real_rollouts_rewards: [263.0416564941406, 101.0777587890625, 235.67514038085938, 248.81246948242188, 170.67898559570312, 256.100341796875, 81.26864624023438, 404.48980712890625, 220.2774658203125, 258.96563720703125]
mean_reward: 224.03879089355468
std_reward: 86.85902728769086
