real_rollouts_rewards: [2038.0777587890625, 2037.986328125, 2037.5518798828125, 2038.4287109375, 2037.735107421875, 2038.0631103515625, 2037.386962890625, 2037.53369140625, 2038.43212890625, 2038.4423828125, 2037.4049072265625, 2038.191650390625, 2038.053955078125, 2039.0865478515625, 2036.88134765625, 2037.860107421875, 2038.362548828125, 2038.138671875, 2038.0814208984375, 2038.1851806640625, 2037.735107421875, 2038.20654296875, 2037.98486328125, 2038.406982421875, 2037.831787109375, 2038.2921142578125, 2039.038330078125, 2038.748291015625, 2038.830810546875, 2038.4649658203125]
mean_reward: 2038.114139811198
std_reward: 0.483858902592882
