real_rollouts_rewards: [1201.83203125, 1288.77734375, 931.4822387695312, 1330.126953125, 1333.54052734375, 1329.5169677734375, 756.8486328125, 1313.2396240234375, 684.0796508789062, 1326.73046875]
mean_reward: 1149.6174438476562
std_reward: 244.45532268772618
