real_rollouts_rewards: [234.69461059570312, 210.02615356445312, 1242.545654296875, 355.09637451171875, 232.38046264648438, 339.27667236328125, 1238.14794921875, 1247.6669921875, 310.15472412109375, 356.5025329589844]
mean_reward: 576.6492126464843
std_reward: 438.86730972451784
