real_rollouts_rewards: [793.0707397460938, 371.9644775390625, 100.78913879394531, 858.3360595703125, 94.61851501464844, 855.7767333984375, 100.62586975097656, 541.2191162109375, 104.5347671508789, 97.63824462890625]
mean_reward: 391.85736618041994
std_reward: 323.03358660265536
