real_rollouts_rewards: [1074.3382568359375, 2021.4923095703125, 534.229736328125, 2037.350830078125, 2036.2724609375, 1212.954833984375, 857.0061645507812, 1538.6480712890625, 610.357666015625, 2021.5545654296875, 2035.37841796875, 2015.24169921875, 2037.989013671875, 676.337158203125, 1037.0723876953125, 2040.1553955078125, 400.3261413574219, 1042.10205078125, 2029.8525390625, 951.0487670898438, 1092.023681640625, 2018.123291015625, 2034.7066650390625, 2037.1141357421875, 2026.6513671875, 2034.6749267578125, 1302.901123046875, 2035.48974609375, 2037.0203857421875, 707.5235595703125]
mean_reward: 1517.8645782470703
std_reward: 587.5100706191192
