real_rollouts_rewards: [156.2822265625, 957.0262451171875, 501.5656433105469, 164.79647827148438, 247.7683563232422, 389.2138671875, 284.8089599609375, 108.29902648925781, 273.5308532714844, 225.01954650878906, 212.01426696777344, 316.15936279296875, 186.67636108398438, 390.3812561035156, 165.45703125, 174.7109375, 1197.36376953125, 238.93222045898438, 203.6876983642578, 275.43377685546875, 197.10604858398438, 156.64297485351562, 154.552734375, 188.5966796875, 192.5732421875, 148.81640625, 187.41796875, 417.5589904785156, 148.45684814453125, 219.18887329101562, 151.04901123046875, 587.4669799804688, 155.8035125732422, 156.1814422607422, 192.98300170898438, 168.5791015625, 265.3486328125, 154.7021484375, 291.6429443359375, 195.74960327148438, 342.95916748046875, 161.77322387695312, 193.03553771972656, 149.16796875, 398.30450439453125, 623.8283081054688, 166.69082641601562, 671.4959106445312, 317.94415283203125, 378.5283203125]
mean_reward: 288.065458984375
std_reward: 206.64492192007614
