real_rollouts_rewards: [657.7945556640625, 242.72518920898438, 1821.625, 504.9048767089844, 1126.777099609375, 1071.44091796875, 313.48809814453125, 235.8955078125, 1787.21826171875, 169.69686889648438, 1012.6776733398438, 292.373046875, 1366.675537109375, 275.3099670410156, 1748.6275634765625, 202.9054718017578, 378.5894775390625, 249.34002685546875, 1825.14599609375, 1741.098876953125, 701.967529296875, 484.9552917480469, 512.8756103515625, 1766.229736328125, 283.43048095703125, 193.14199829101562, 377.39727783203125, 210.45156860351562, 719.9996337890625, 274.0160217285156, 276.2541198730469, 1835.269775390625, 200.2351531982422, 1815.353271484375, 1338.55029296875, 163.5673828125, 296.8017578125, 590.7908935546875, 631.137451171875, 591.9375, 225.19024658203125, 1827.4888916015625, 528.1361083984375, 189.3470458984375, 194.4753875732422, 687.4169921875, 1646.32421875, 784.4008178710938, 1829.8538818359375, 218.9376983642578]
mean_reward: 768.4048809814453
std_reward: 613.0083102040492
