real_rollouts_rewards: [1497.954833984375, 1225.0771484375, 1230.04296875, 1481.0985107421875, 1233.359619140625, 221.1970672607422, 204.7925567626953, 1225.3021240234375, 1244.02587890625, 1344.1636962890625]
mean_reward: 1090.7014404296874
std_reward: 449.7589015421655
