real_rollouts_rewards: [1072.50830078125, 1056.879638671875, 1087.8499755859375, 1096.2568359375, 1099.84423828125, 1116.1700439453125, 1077.72998046875, 1103.3470458984375, 1085.5810546875, 1038.321533203125]
mean_reward: 1083.4488647460937
std_reward: 21.95035989441938
