real_rollouts_rewards: [2046.961669921875, 2045.81396484375, 2045.779052734375, 2046.03369140625, 2046.1312255859375, 2046.486572265625, 2046.3973388671875, 2046.12060546875, 2047.1319580078125, 2046.420166015625, 2046.910888671875, 2046.091796875, 2045.84912109375, 2046.546630859375, 2046.3837890625, 2046.23681640625, 2045.5693359375, 2046.053955078125, 2045.7969970703125, 2045.341552734375, 2046.624755859375, 2046.7099609375, 2046.7451171875, 2046.9566650390625, 2046.51318359375, 2046.4111328125, 2047.281982421875, 2046.4510498046875, 2046.86181640625, 2046.634033203125]
mean_reward: 2046.374894205729
std_reward: 0.4651993251565583
