real_rollouts_rewards: [1433.8623046875, 1254.1640625, 1202.94091796875, 552.7648315429688, 267.7800598144531, 379.8876953125, 665.4193115234375, 391.0986328125, 1214.09912109375, 450.8996276855469, 298.248046875, 1209.982421875, 1210.891357421875, 34.61698913574219, 1175.86669921875, 1542.186767578125, 1193.959228515625, 1341.60498046875, 1196.5810546875, 442.0248107910156]
mean_reward: 872.9439460754395
std_reward: 461.7409197492063
