real_rollouts_rewards: [1459.42578125, 1647.016357421875, 1711.559326171875, 1281.2830810546875, 1654.180419921875, 558.3671875, 1714.16162109375, 1803.439697265625, 290.9774169921875, 1679.921875]
mean_reward: 1380.0332763671875
std_reward: 501.4405907507471
