real_rollouts_rewards: [1826.867919921875, 1759.9571533203125, 272.8311767578125, 1696.030029296875, 1841.59228515625, 293.2310791015625, 240.3119659423828, 1726.4493408203125, 1751.954833984375, 378.1808776855469]
mean_reward: 1178.7406661987304
std_reward: 722.4780275278175
