real_rollouts_rewards: [1255.4166259765625, 1270.317138671875, 223.55020141601562, 202.2340087890625, 355.46246337890625, 1274.45654296875, 1276.4134521484375, 295.44940185546875, 1204.259521484375, 410.1484680175781]
mean_reward: 776.7707824707031
std_reward: 482.95950068477515
