real_rollouts_rewards: [81.2262191772461, 1397.8548583984375, 1284.07568359375, 1354.3154296875, 261.93548583984375, 1266.250732421875, 1301.4268798828125, 85.71514892578125, 87.56700134277344, 901.805908203125]
mean_reward: 802.2173347473145
std_reward: 565.8685385102879
