real_rollouts_rewards: [1792.627197265625, 1808.78466796875, 221.70587158203125, 474.015625, 1837.84130859375, 460.5191650390625, 1876.884765625, 193.3644561767578, 807.9404296875, 240.58163452148438, 1862.6441650390625, 1699.327880859375, 1355.468017578125, 1833.927734375, 271.1781311035156, 233.8359375, 1823.674072265625, 1792.7626953125, 1840.682861328125, 1835.134033203125]
mean_reward: 1213.1450325012206
std_reward: 712.9757563815085
