real_rollouts_rewards: [75.51934814453125, 72.16899108886719, 78.4071044921875, 70.91191864013672, 78.8174057006836, 76.61117553710938, 76.08256530761719, 69.37872314453125, 80.10159301757812, 77.43829345703125]
mean_reward: 75.54371185302735
std_reward: 3.399405517294789
