real_rollouts_rewards: [1477.3740234375, 1416.3472900390625, 1363.18798828125, 1365.8538818359375, 523.25146484375, 1463.80126953125, 1489.190673828125, 1450.91748046875, 1451.23046875, 1314.041015625]
mean_reward: 1331.5195556640624
std_reward: 274.80884490009873
