real_rollouts_rewards: [74.49174499511719, 72.83353424072266, 372.15557861328125, 85.5257797241211, 312.55450439453125, 410.234130859375, 291.70458984375, 231.1630859375, 1578.291259765625, 215.54251098632812]
mean_reward: 364.44967193603514
std_reward: 420.7617756878768
