real_rollouts_rewards: [1320.345703125, 1359.6148681640625, 899.4593505859375, 423.3896484375, 1241.1600341796875, 582.183837890625, 1259.339111328125, 508.0863037109375, 1299.8521728515625, 1239.317626953125, 390.78125, 1440.05712890625, 805.8732299804688, 1228.55517578125, 759.602783203125, 1229.3470458984375, 1392.057861328125, 141.7648468017578, 384.9117126464844, 1380.055908203125, 1255.663330078125, 1262.889892578125, 282.33770751953125, 1491.3902587890625, 455.328125, 884.2531127929688, 1251.6708984375, 651.2015380859375, 408.12225341796875, 406.20758056640625, 307.0126953125, 498.2775573730469, 1218.65771484375, 511.06463623046875, 1031.799072265625, 1389.861572265625, 653.869873046875, 1225.27783203125, 455.03497314453125, 814.1769409179688, 839.4050903320312, 313.04412841796875, 703.2566528320312, 1404.7392578125, 965.1318359375, 1341.979248046875, 1281.625732421875, 316.5513916015625, 363.1676025390625, 1224.786865234375]
mean_reward: 889.8708193969727
std_reward: 411.5461320067841
