real_rollouts_rewards: [1274.67578125, 1697.3939208984375, 1350.002197265625, 1498.214111328125, 217.11087036132812, 1734.7813720703125, 205.95407104492188, 1702.36572265625, 1741.1514892578125, 1343.9169921875]
mean_reward: 1276.5566528320312
std_reward: 557.84568740082
