real_rollouts_rewards: [415.49298095703125, 158.07461547851562, 98.57168579101562, 183.2757568359375, 103.46231079101562, 113.08378601074219, 1408.61767578125, 113.4990234375, 130.09432983398438, 153.70974731445312, 120.26210021972656, 103.12362670898438, 125.61113739013672, 183.0634765625, 164.2478485107422, 107.01797485351562, 103.9214859008789, 103.06367492675781, 1230.582275390625, 115.76933288574219, 110.0689468383789, 158.58868408203125, 108.396484375, 113.1328125, 512.5134887695312, 144.9123077392578, 106.5673828125, 99.2158203125, 108.8697280883789, 140.80020141601562, 155.0167999267578, 109.9818344116211, 307.62579345703125, 1019.0806274414062, 368.67950439453125, 103.54277038574219, 107.73672485351562, 98.6083984375, 127.71719360351562, 180.0593719482422, 174.92071533203125, 144.9951171875, 1137.445068359375, 142.56112670898438, 544.8623046875, 112.20077514648438, 164.28750610351562, 292.4841613769531, 108.04023742675781, 209.7804718017578]
mean_reward: 248.94474411010742
std_reward: 299.7706699760631
