real_rollouts_rewards: [1734.107666015625, 197.0592041015625, 1445.9765625, 272.5166320800781, 224.61184692382812, 1740.563232421875, 1690.6485595703125, 256.31671142578125, 168.34036254882812, 90.56735229492188]
mean_reward: 782.0708129882812
std_reward: 716.6080013067726
