real_rollouts_rewards: [2035.3504638671875, 2035.634033203125, 2035.117431640625, 2034.86328125, 2034.8277587890625, 2034.666748046875, 2034.9267578125, 2035.1514892578125, 2035.544189453125, 2035.038330078125, 2035.18701171875, 2034.649658203125, 2035.6134033203125, 2035.3173828125, 2035.696044921875, 2034.790283203125, 2035.0302734375, 2034.9053955078125, 2034.5299072265625, 2034.72900390625, 2036.0145263671875, 2035.692138671875, 2035.3651123046875, 2035.18603515625, 2034.66650390625, 2035.63330078125, 2034.597412109375, 2034.515869140625, 2035.46337890625, 2034.7080078125]
mean_reward: 2035.1137044270833
std_reward: 0.4077792675822348
