real_rollouts_rewards: [105.8775634765625, 1228.545166015625, 284.46868896484375, 1246.12841796875, 1302.57373046875, 283.8740234375, 1206.3848876953125, 283.525390625, 298.742431640625, 1313.639404296875]
mean_reward: 755.3759704589844
std_reward: 507.57192976491604
