real_rollouts_rewards: [220.49668884277344, 1608.46826171875, 331.2898254394531, 1360.7259521484375, 215.2765655517578, 841.2511596679688, 211.80702209472656, 376.26739501953125, 290.65057373046875, 687.725830078125, 1165.392578125, 293.1923828125, 470.6126708984375, 172.13125610351562, 298.19708251953125, 1009.5406494140625, 605.248291015625, 319.78515625, 211.05409240722656, 181.93377685546875]
mean_reward: 543.552360534668
std_reward: 420.4520047945899
