real_rollouts_rewards: [284.3420104980469, 1385.3521728515625, 205.0682373046875, 1326.7818603515625, 91.98902130126953, 73.18475341796875, 190.689697265625, 359.10888671875, 1313.421142578125, 192.97010803222656]
mean_reward: 542.2907890319824
std_reward: 529.444370229788
