real_rollouts_rewards: [1715.294189453125, 1681.1046142578125, 245.4967041015625, 251.35824584960938, 1781.763916015625, 1719.5869140625, 1596.69580078125, 1735.990966796875, 106.06187438964844, 1738.943359375]
mean_reward: 1257.2296585083009
std_reward: 693.9358320752365
