real_rollouts_rewards: [252.27304077148438, 125.1474609375, 349.17950439453125, 225.31680297851562, 159.35565185546875, 167.12149047851562, 306.5689392089844, 482.7798767089844, 535.673828125, 125.76094818115234, 130.73983764648438, 130.7468719482422, 135.64122009277344, 1174.1387939453125, 182.6533203125, 315.68536376953125, 569.729736328125, 134.4080047607422, 416.3492126464844, 302.05487060546875, 290.1826171875, 138.34140014648438, 271.5531005859375, 279.91876220703125, 123.14043426513672, 350.3564453125, 19.272850036621094, 174.68984985351562, 233.01171875, 174.71249389648438, 296.6452941894531, 19.651172637939453, 363.12890625, 17.73515510559082, 583.5300903320312, 106.65292358398438, 0.20546874403953552, 174.6667938232422, 414.1041259765625, 259.3482360839844, 172.6906280517578, 144.20526123046875, 256.74395751953125, 149.3337860107422, 142.9572296142578, 150.2921905517578, 110.47889709472656, 186.4386749267578, 6.710351467132568, 294.5140686035156]
mean_reward: 242.53075319468974
std_reward: 191.41053501692704
