real_rollouts_rewards: [897.8340454101562, 1354.93994140625, 1127.61181640625, 1365.5078125, 874.1046142578125, 693.90283203125, 472.1851806640625, 498.59991455078125, 801.3641357421875, 488.8935241699219]
mean_reward: 857.4943817138671
std_reward: 319.9131379500223
