real_rollouts_rewards: [231.5801544189453, 295.845703125, 338.5657043457031, 1799.491455078125, 385.197998046875, 1830.63330078125, 1839.250732421875, 1832.4061279296875, 290.79931640625, 281.940673828125]
mean_reward: 912.5711166381836
std_reward: 746.3441492912069
