real_rollouts_rewards: [2037.90283203125, 2038.1181640625, 2035.5145263671875, 2037.308349609375, 2038.1146240234375, 2038.7398681640625, 2038.6444091796875, 2037.790283203125, 2036.806884765625, 2038.66943359375, 2037.488525390625, 2034.8236083984375, 2038.3560791015625, 2036.5380859375, 2038.2021484375, 2036.9505615234375, 2035.9345703125, 2036.90087890625, 2038.57763671875, 2038.2576904296875, 2036.9515380859375, 2039.54638671875, 2036.5927734375, 2035.724609375, 2036.933349609375, 2037.7294921875, 2038.5867919921875, 2037.4453125, 2040.0631103515625, 2035.6796875]
mean_reward: 2037.496407063802
std_reward: 1.2075524221135583
