real_rollouts_rewards: [131.0216827392578, 173.10528564453125, 978.3226318359375, 186.20938110351562, 673.5503540039062, 187.7236328125, 204.6708984375, 261.15313720703125, 241.28067016601562, 439.9736328125, 212.98028564453125, 460.23284912109375, 1884.0174560546875, 799.3412475585938, 181.310546875, 121.29609680175781, 452.5650329589844, 624.3787231445312, 1407.275390625, 455.2076110839844, 168.9375, 451.43768310546875, 302.4027404785156, 440.80877685546875, 1858.955078125, 6.369922161102295, 260.2953186035156, 197.72479248046875, 386.91387939453125, 234.36073303222656, 117.62383270263672, 190.71405029296875, 334.8089904785156, 422.08673095703125, 440.49334716796875, 197.5390625, 192.1027374267578, 349.94805908203125, 210.044921875, 462.05780029296875, 326.8984375, 172.57479858398438, 168.41075134277344, 241.82870483398438, 154.94451904296875, 435.82305908203125, 535.2867431640625, 1774.259765625, 540.9685668945312, 231.55703735351562]
mean_reward: 437.6758977413177
std_reward: 426.17595873253083
