real_rollouts_rewards: [1285.87548828125, 1264.5927734375, 110.37089538574219, 126.51660919189453, 1475.802978515625, 269.3056640625, 161.3546905517578, 221.35995483398438, 129.28692626953125, 620.6630859375, 353.70330810546875, 252.6935577392578, 1134.142333984375, 1402.631103515625, 109.15859985351562, 109.47265625, 109.7300796508789, 359.87890625, 1240.666748046875, 105.91913604736328]
mean_reward: 542.1562747955322
std_reward: 514.2092357174726
