real_rollouts_rewards: [251.9484918937087, 1764.6352585107088, 1718.9091769903898, 230.79191997647285, 230.3618809878826, 1286.860490873456, 230.11556860804558, 396.7151379659772, 1273.0392521321774, 245.9403399080038, 219.5758728981018, 1352.8738199174404, 220.66569152474403, 1722.372237443924, 257.7964084818959, 239.0265655517578, 230.17599068582058, 1726.477140724659, 289.59218762815, 1781.2604876756668, 264.5823803395033, 207.82264118641615, 1564.5127322673798, 713.5064849704504, 1709.775839701295, 239.27244904637337, 461.45283484458923, 277.34703466296196, 253.45751984417439, 1323.3987090438604, 1745.0099759101868, 1739.0733347088099, 273.5313666462898, 218.4441540837288, 325.14019353687763, 1696.6891423016787, 158.6045939028263, 231.3505050688982, 1746.685026615858, 79.53800365328789, 230.32338340580463, 408.93670197576284, 1772.04013890028, 104.81481605768204, 226.34545780718327, 284.8318522721529, 202.25055015087128, 226.23306867480278, 1389.0062760412693, 273.3994233459234, 1678.0183371305466, 1633.0590141415596, 84.95945924520493, 93.84277825057507, 262.6685211658478, 226.49045093357563, 94.91649717092514, 247.18650043010712, 261.2635326385498, 215.52029243856668, 1347.955120831728, 306.71530535817146, 158.0114920437336, 335.17241956293583, 161.1850518733263, 212.08577318489552, 71.58794063329697, 1359.355532720685, 332.38593277335167, 1331.0700462162495, 1289.0588895082474, 1774.8793591111898, 1668.5437101125717, 288.52621349692345, 83.58930833637714, 73.49590349197388, 1298.352652683854, 279.26551719009876, 264.6789771616459, 1484.8152032345533, 236.3222069144249, 1741.5319975316525, 1744.1539279669523, 1301.0195050388575, 1763.6056211739779, 170.8560832887888, 1506.980114236474, 1675.494163826108, 239.65607064962387, 1723.1124840527773, 1741.122970327735, 1471.050929889083, 1555.1268873512745, 1748.0822567343712, 261.93636775016785, 1750.380308687687, 1304.1963907182217, 1648.7368873655796, 276.39244865626097, 1385.9164468050003]
mean_reward: 801.8084031338244
std_reward: 674.8850410646543
description: "reward when deployed on sim with double mp"
