real_rollouts_rewards: [108.02284240722656, 255.86575317382812, 99.99984741210938, 1250.0947265625, 108.92571258544922, 273.24591064453125, 375.24169921875, 319.3028259277344, 1265.8426513671875, 108.10316467285156]
mean_reward: 416.4645133972168
std_reward: 431.13556824458055
