real_rollouts_rewards: [2028.412109375, 2032.915771484375, 2034.1806640625, 2033.330810546875, 2029.739013671875, 2033.2650146484375, 2036.012939453125, 2032.28564453125, 2037.061767578125, 2035.21728515625, 2029.3466796875, 2034.984375, 2035.6920166015625, 2030.6192626953125, 2032.409912109375, 2032.75634765625, 1582.332763671875, 2038.0362548828125, 2034.947021484375, 2038.815673828125, 2025.93212890625, 2036.4873046875, 2038.2615966796875, 2032.5919189453125, 2035.7547607421875, 2033.7242431640625, 2035.458251953125, 2038.6580810546875, 2035.6585693359375, 2034.22509765625]
mean_reward: 2018.9704427083334
std_reward: 81.13746755355689
