real_rollouts_rewards: [412.738037109375, 411.04779052734375, 404.47247314453125, 410.5279235839844, 411.378173828125, 399.920166015625, 404.22113037109375, 406.8779602050781, 404.19732666015625, 402.5610656738281]
mean_reward: 406.79420471191406
std_reward: 4.151016490920187
