real_rollouts_rewards: [1339.7803955078125, 1406.750732421875, 75.82402038574219, 118.99534606933594, 1399.2025146484375, 1361.4671630859375, 1310.746826171875, 1428.0689697265625, 118.98643493652344, 1346.98583984375]
mean_reward: 990.6808242797852
std_reward: 581.0947179304947
