real_rollouts_rewards: [318.83782958984375, 76.9348373413086, 1271.81396484375, 79.17291259765625, 76.60094451904297, 352.50421142578125, 75.63993072509766, 76.45504760742188, 79.7191162109375, 75.81535339355469]
mean_reward: 248.34941482543945
std_reward: 356.1429665306061
