real_rollouts_rewards: [1782.490966796875, 1738.156982421875, 415.527587890625, 1710.03173828125, 1780.89697265625, 280.81207275390625, 320.9011535644531, 1777.9384765625, 254.6975555419922, 1745.42529296875]
mean_reward: 1180.6878799438477
std_reward: 705.7598237625765
