real_rollouts_rewards: [1238.82763671875, 1381.5692138671875, 849.3378295898438, 1384.506103515625, 944.43212890625, 1338.3001708984375, 1361.9853515625, 997.9839477539062, 1430.788330078125, 1445.291259765625]
mean_reward: 1237.302197265625
std_reward: 210.35435685762832
