real_rollouts_rewards: [1257.5006103515625, 1377.7421875, 1403.337890625, 1369.57421875, 1276.4288330078125, 1334.9339599609375, 1245.1884765625, 1356.217529296875, 1322.5576171875, 380.07196044921875]
mean_reward: 1232.3553283691406
std_reward: 288.5010330327149
