real_rollouts_rewards: [1378.938232421875, 1296.525146484375, 1302.54052734375, 1403.23193359375, 1140.283203125, 872.1395263671875, 352.1329345703125, 1338.0712890625, 1444.884765625, 1445.356689453125]
mean_reward: 1197.4104248046874
std_reward: 325.92268953042264
