real_rollouts_rewards: [1670.763916015625, 1646.9227294921875, 319.02081298828125, 1780.3690185546875, 1752.099609375, 1624.7822265625, 1406.8807373046875, 1489.1224365234375, 421.142333984375, 1736.3134765625]
mean_reward: 1384.7417297363281
std_reward: 519.510615853385
