real_rollouts_rewards: [1206.2515869140625, 309.2060546875, 639.0053100585938, 1033.72998046875, 591.41796875, 631.1171875, 1312.9547119140625, 993.8775634765625, 1440.075439453125, 459.8478698730469, 304.54083251953125, 138.42227172851562, 1018.6554565429688, 1249.877197265625, 385.08514404296875, 623.3115234375, 470.4167785644531, 136.9519500732422, 1182.7933349609375, 505.2556457519531]
mean_reward: 731.6396903991699
std_reward: 400.5961108138724
