real_rollouts_rewards: [1389.135009765625, 131.0142364501953, 141.96542358398438, 85.37007141113281, 1355.790283203125, 136.03456115722656, 697.4796142578125, 130.37521362304688, 781.858642578125, 1308.216064453125]
mean_reward: 615.7239120483398
std_reward: 535.3526023259099
