real_rollouts_rewards: [73.98100280761719, 268.4884338378906, 216.93988037109375, 1759.88330078125, 1159.4462890625, 641.740478515625, 761.8294677734375, 190.3150634765625, 219.75643920898438, 1760.025634765625]
mean_reward: 705.2405990600586
std_reward: 613.7509245830623
