real_rollouts_rewards: [230.7152099609375, 543.49609375, 1185.6973876953125, 1185.8868408203125, 1190.334716796875, 1182.9124755859375, 1190.082763671875, 634.1689453125, 283.79296875, 288.1739196777344]
mean_reward: 791.5261322021485
std_reward: 411.5720814692051
