real_rollouts_rewards: [1749.5458194315434, 1787.9926116615534, 1770.0882744044065, 1837.1760595440865, 1827.5947801917791, 282.2628399282694, 1700.01175840199, 335.9592596143484, 1796.9539043009281, 1835.103612408042, 286.13018610328436, 1801.8100540935993, 1751.2044065147638, 1803.6368532180786, 305.7991802543402, 1791.6918650269508, 339.738926589489, 253.12142292410135, 1798.8153865039349, 1798.2513416707516, 248.27759777009487, 1792.4748542904854, 334.64162217080593, 266.74247957021, 1793.5807496458292, 235.36260655522346, 1802.7517213374376, 1753.5734174847603, 1800.6412026584148, 1800.1147010177374, 1764.9203914999962, 1764.9702715873718, 1807.8274173289537, 1783.3925951570272, 297.24721640348434, 1834.1614869385958, 1833.5256397724152, 1734.272817388177, 261.3479462713003, 251.87012885510921, 1794.4137354642153, 294.631197527051, 1831.749893516302, 306.4937976151705, 1788.8635474443436, 1788.5788783282042, 1772.3066740334034, 1831.4754491001368, 281.9098164215684, 1817.4845001250505, 1715.7116590738297, 1797.769924402237, 1756.5502599030733, 1789.3564971089363, 286.17655957490206, 1795.783007711172, 1795.164160579443, 260.7757555991411, 322.5000173971057, 532.5372970253229, 1799.8586125224829, 1836.0043504685163, 1795.1011680811644, 359.3515588492155, 217.7871575653553, 282.9674950093031, 1795.7140745520592, 1798.006156951189, 270.5732947587967, 260.847579523921, 1825.6372125148773, 1833.8843422681093, 460.45898063480854, 1827.8956888765097, 1832.2052104473114, 1719.6299808174372, 252.924271479249, 269.8786467462778, 1835.7064141333103, 1794.0675592720509, 1738.1557108312845, 1791.1163610219955, 1796.6001686900854, 381.06776744127274, 1839.6762068122625, 1761.1748585104942, 1833.2249052971601, 1832.5868400484324, 393.46223993599415, 1782.414435699582, 1750.355212509632, 1777.3165309727192, 1842.2663686871529, 329.3257739841938, 1717.0688593536615, 1771.1007767915726, 264.5823775231838, 1839.0653151124716, 477.31380642950535, 341.38920591026545]
mean_reward: 1289.0258151147514
std_reward: 704.2847784946476
description: "reward when deployed on sim with double mp"
