real_rollouts_rewards: [73.54240080714226, 93.19216686487198, 80.12114357948303, 87.9851723909378, 79.46420595049858, 75.99372720718384, 93.87009608745575, 72.69323498010635, 84.76425495743752, 87.59625025093555, 82.40932577848434, 76.18665792047977, 83.3758389800787, 88.64833453297615, 82.29793454706669, 81.72946432232857, 84.1955486536026, 78.21614310145378, 81.99172945320606, 80.10092136263847, 80.05891358852386, 82.21983294188976, 78.4921969473362, 83.7967886775732, 97.56237009167671, 85.77598689496517, 85.66213218867779, 77.35673180222511, 74.95503529906273, 86.17771568894386, 77.62489941716194, 83.91854187846184, 1784.7161348760128, 81.75794090330601, 77.49946391582489, 77.454087048769, 76.10647664964199, 82.81110942363739, 81.00296753644943, 76.01218111813068, 241.61534098535776, 80.63737194240093, 1724.3489074110985, 77.50769729912281, 91.57085773348808, 81.53676962852478, 77.58643589913845, 77.72032326459885, 84.6186204701662, 1797.6656159162521, 80.969168394804, 84.7290681451559, 79.16207504272461, 78.46381314098835, 77.78023658692837, 99.46611136198044, 78.99343818426132, 80.75725442171097, 84.91491505503654, 234.8050161153078, 67.15397229790688, 1752.4383567124605, 72.71224109828472, 88.64936044812202, 1268.4496074467897, 102.81995567679405, 82.17205695807934, 74.04563610255718, 79.2556595057249, 85.74677142500877, 84.0849950760603, 79.7894197255373, 82.64137057960033, 85.96525762975216, 78.58039104938507, 77.38195380568504, 80.94287467002869, 101.4320901632309, 89.68266196548939, 82.70038132369518, 84.02779096364975, 80.07718540728092, 77.20576623082161, 85.5571378916502, 75.8634852617979, 93.55030143260956, 81.50702041387558, 78.14272356033325, 78.10350959002972, 77.36629150807858, 83.20450986921787, 90.15405657887459, 1212.706553608179, 91.16373093426228, 95.54201516509056, 79.55873003602028, 77.61010763049126, 81.29617141187191, 69.09704129397869, 75.55474680662155]
mean_reward: 175.78118984870613
std_reward: 363.1778205308405
description: "reward when deployed on sim with double mp"
