real_rollouts_rewards: [228.46080017089844, 1770.170166015625, 1196.680419921875, 1201.46337890625, 1184.5985107421875, 1181.884033203125, 1231.315673828125, 94.39872741699219, 229.81405639648438, 204.97793579101562]
mean_reward: 852.3763702392578
std_reward: 567.0805612384903
