real_rollouts_rewards: [1714.205322265625, 1766.22607421875, 1242.0877685546875, 243.40103149414062, 1650.963623046875, 1743.7369384765625, 1715.373291015625, 1721.9541015625, 1676.847412109375, 1238.57421875]
mean_reward: 1471.336978149414
std_reward: 450.729372890264
