real_rollouts_rewards: [859.6040649414062, 831.427490234375, 99.80390930175781, 1561.5765380859375, 828.8883056640625, 807.9720458984375, 836.3900146484375, 833.3232421875, 1401.62109375, 849.5744018554688]
mean_reward: 891.0181106567383
std_reward: 368.74233238631996
