real_rollouts_rewards: [654.8218994140625, 683.7222900390625, 764.6395263671875, 1338.17822265625, 1512.826904296875, 473.23388671875, 1507.882080078125, 1105.6834716796875, 285.74267578125, 696.3275756835938]
mean_reward: 902.3058532714844
std_reward: 412.9727294305234
