real_rollouts_rewards: [1320.666015625, 288.0054626464844, 272.0419921875, 157.9529266357422, 120.95976257324219, 168.54803466796875, 0.14765624701976776, 498.30157470703125, 261.4150390625, 110.31719207763672, 268.3411865234375, 127.79159545898438, 161.3195343017578, 396.3226623535156, 125.3568344116211, 122.29766082763672, 226.78262329101562, 539.388671875, 172.48983764648438, 361.931640625]
mean_reward: 285.0188951872289
std_reward: 271.8842087602328
