real_rollouts_rewards: [644.6156005859375, 748.049072265625, 787.14013671875, 285.4259338378906, 747.9925537109375, 387.4385681152344, 384.7279357910156, 276.61273193359375, 332.7077941894531, 771.5933837890625, 910.2691650390625, 396.7109680175781, 447.87982177734375, 328.4259948730469, 437.19317626953125, 445.9803161621094, 469.83392333984375, 442.87518310546875, 459.7746276855469, 434.4603271484375, 323.87042236328125, 413.7978515625, 331.6331787109375, 692.739013671875, 373.4644775390625, 215.78781127929688, 614.244384765625, 518.96337890625, 1995.531982421875, 1229.90283203125]
mean_reward: 561.654751586914
std_reward: 343.88071372474076
