real_rollouts_rewards: [1258.7744140625, 1548.731689453125, 1257.91015625, 1259.880859375, 1258.3153076171875, 1465.286376953125, 1455.32958984375, 1420.600341796875, 1268.478759765625, 1369.8544921875]
mean_reward: 1356.3161987304688
std_reward: 104.32407336926845
