real_rollouts_rewards: [309.2213499248028, 1679.3425799757242, 385.5280610769987, 1621.219810768962, 1729.8846165537834, 843.990968927741, 466.7305686175823, 307.0444541424513, 412.021694727242, 387.0060095638037, 1790.677281036973, 366.51424077153206, 1792.6722851991653, 404.30297046899796, 388.1407189518213, 1690.6308014243841, 1684.1415733098984, 449.3580523431301, 1030.2714138031006, 411.5196965262294, 367.04729805886745, 1736.751987054944, 445.27085967361927, 1795.92410813272, 303.7059617713094, 1677.8858327120543, 435.4623292386532, 205.641984552145, 1669.962485551834, 114.04039090871811, 1754.765246734023, 181.5037967711687, 486.34364654123783, 391.7283092364669, 1749.7242226153612, 1648.4908051043749, 426.4333914667368, 1734.5538741648197, 578.8568209856749, 1719.6335389316082, 1781.1137615293264, 1643.4359356164932, 335.8835727274418, 398.95884542167187, 1795.6275152117014, 1803.1862720102072, 285.64051239192486, 364.4896244481206, 314.4269675165415, 464.55821837484837, 102.54018610715866, 493.5789518356323, 1719.141490265727, 349.73167665302753, 285.92668007314205, 417.37430869042873, 433.7207167223096, 111.32348504662514, 1702.266576871276, 1733.3058848828077, 1656.5390013456345, 455.68183521926403, 370.05188459157944, 458.9925753772259, 101.39642053842545, 341.1846123635769, 105.05237214267254, 1715.662075087428, 347.82590025663376, 1749.210299834609, 465.6461139395833, 277.139049872756, 284.59610161185265, 413.331157758832, 1806.0570357590914, 1711.387851908803, 461.3746384382248, 324.7360368221998, 351.20532317459583, 196.5469100624323, 1693.627853423357, 288.16679479181767, 1810.9398046433926, 1756.9471849501133, 1666.752233877778, 362.0083750039339, 1098.4808168411255, 1744.6751608997583, 272.6434158682823, 1793.9620620757341, 386.14981220662594, 438.1389409005642, 746.238847643137, 1679.2029873132706, 1787.0946821719408, 421.82202815264463, 1710.6926001757383, 272.2536019682884, 1649.0932740569115, 1685.4835836440325]
mean_reward: 909.6816847743094
std_reward: 667.7692902331044
description: "reward when deployed on sim with double mp"
