real_rollouts_rewards: [1190.177978515625, 1336.365478515625, 72.18788146972656, 1072.7498779296875, 921.0776977539062, 636.276611328125, 1237.7176513671875, 178.54669189453125, 425.7857971191406, 530.5030517578125]
mean_reward: 760.1388717651367
std_reward: 431.2854796912704
