real_rollouts_rewards: [999.8385009765625, 107.99473571777344, 313.4095764160156, 425.7923583984375, 9.05293083190918, 366.7132568359375, 145.53573608398438, 260.3642578125, 162.33731079101562, 190.52108764648438, 98.18241882324219, 710.353515625, 186.86404418945312, 840.9865112304688, 755.5609130859375, 8.258007049560547, 225.7273406982422, 74.81230163574219, 151.5810546875, 265.57696533203125, 600.4556884765625, 123.18203735351562, 181.19082641601562, 108.98593139648438, 94.5970687866211, 106.53359985351562, 222.4345703125, 258.0751953125, 99.189453125, 123.74687957763672, 578.7359619140625, 101.23477172851562, 170.6203155517578, 378.85723876953125, 708.4161987304688, 135.69805908203125, 340.5093994140625, 107.38046264648438, 115.90430450439453, 120.05878448486328, 308.55841064453125, 399.900390625, 1201.619140625, 299.20428466796875, 123.2109375, 321.5849609375, 652.0511474609375, 106.0328140258789, 94.4951171875, 456.7828369140625]
mean_reward: 298.774192237854
std_reward: 261.82717994498057
