real_rollouts_rewards: [1994.423828125, 1995.94482421875, 1998.344482421875, 1990.7935791015625, 1988.72119140625, 1991.416259765625, 1989.5234375, 1991.57470703125, 1994.824462890625, 1992.741943359375, 1992.2332763671875, 1993.2423095703125, 1991.8023681640625, 1990.6036376953125, 1997.3951416015625, 1993.1202392578125, 1994.24365234375, 1995.405517578125, 1992.028564453125, 1995.87744140625, 1996.3800048828125, 1992.0321044921875, 1995.0675048828125, 1995.37939453125, 1996.5419921875, 1990.4788818359375, 1994.471435546875, 1991.9735107421875, 1993.96826171875, 1995.900634765625]
mean_reward: 1993.548486328125
std_reward: 2.3868837307662685
