real_rollouts_rewards: [2027.706298828125, 2024.8026123046875, 2026.8095703125, 2026.841552734375, 2023.212890625, 2026.76220703125, 2025.251953125, 2026.84716796875, 2028.0662841796875, 2021.538330078125, 2025.238525390625, 2027.668701171875, 2022.70068359375, 2027.4053955078125, 2028.33349609375, 2022.9892578125, 2022.83154296875, 2023.0440673828125, 2021.29345703125, 2025.7535400390625, 2025.33837890625, 2023.28759765625, 2024.7596435546875, 2025.2607421875, 2025.3760986328125, 2024.2479248046875, 2025.30517578125, 2025.9251708984375, 2025.803955078125, 2027.2890625]
mean_reward: 2025.2563761393228
std_reward: 1.9163582881175678
