real_rollouts_rewards: [2037.957275390625, 2037.624755859375, 2036.9847412109375, 2037.4986572265625, 2038.243896484375, 2036.820556640625, 2036.586669921875, 2037.9853515625, 2036.486083984375, 2037.5372314453125, 2037.729736328125, 2038.64697265625, 2036.359619140625, 2037.6712646484375, 2038.58251953125, 2037.2822265625, 2036.39404296875, 2038.3570556640625, 2037.843505859375, 2038.377685546875, 2038.161865234375, 2038.2156982421875, 2037.7794189453125, 2036.6812744140625, 2036.62890625, 2036.35498046875, 2037.810791015625, 2036.01416015625, 2037.918212890625, 2037.392822265625]
mean_reward: 2037.464265950521
std_reward: 0.7436103032007232
