real_rollouts_rewards: [1257.1588134765625, 1896.916748046875, 1740.241943359375, 812.2095947265625, 1886.7103271484375, 1898.6207275390625, 1423.9954833984375, 1884.70751953125, 1885.7457275390625, 547.0199584960938, 1262.1632080078125, 157.20350646972656, 211.91522216796875, 181.38397216796875, 140.9697265625, 1256.9566650390625, 378.91131591796875, 363.27362060546875, 1882.842041015625, 247.814453125, 109.04688262939453, 1231.67724609375, 232.5107421875, 1236.46337890625, 1053.8775634765625, 1228.025146484375, 829.0121459960938, 1903.4490966796875, 1903.31640625, 1220.59033203125, 1902.918701171875, 1904.59326171875, 314.78515625, 1892.454833984375, 1904.978515625, 1244.521240234375, 175.20449829101562, 118.67988586425781, 1897.3291015625, 1896.1754150390625, 1204.625244140625, 1276.12451171875, 147.3994140625, 275.45977783203125, 115.41191101074219, 1246.25439453125, 1872.118408203125, 1895.3004150390625, 1187.588134765625, 209.3872833251953]
mean_reward: 1098.920792388916
std_reward: 693.6533252596373
