real_rollouts_rewards: [554.3267211914062, 89.13656616210938, 231.54403686523438, 78.86715698242188, 1456.859130859375, 97.79124450683594, 106.48434448242188, 78.58390808105469, 77.10604858398438, 79.78579711914062]
mean_reward: 285.0484954833984
std_reward: 415.25375133629797
