real_rollouts_rewards: [300.4954833984375, 1391.237060546875, 1286.85302734375, 953.5826416015625, 410.3674011230469, 1311.0587158203125, 1246.8814697265625, 401.9872131347656, 1271.8720703125, 1272.306884765625]
mean_reward: 984.6641967773437
std_reward: 416.5956924819405
