real_rollouts_rewards: [1247.154052734375, 1597.265380859375, 297.67138671875, 1308.614501953125, 87.7483901977539, 1531.6766357421875, 1414.699951171875, 1388.7176513671875, 1399.7147216796875, 1238.43408203125]
mean_reward: 1151.1696754455565
std_reward: 493.191638395377
