real_rollouts_rewards: [2025.03955078125, 2022.9884033203125, 2021.626708984375, 2019.791015625, 2016.987060546875, 2023.26416015625, 2010.747314453125, 2021.5885009765625, 2021.18603515625, 1992.5390625, 2027.6905517578125, 2023.947265625, 1887.9664306640625, 2016.576904296875, 1999.758544921875, 2009.23974609375, 2012.666748046875, 2021.169189453125, 1941.37744140625, 2005.0693359375, 2012.606689453125, 2017.458740234375, 2028.4873046875, 2020.14111328125, 1992.343505859375, 2017.735595703125, 2022.1524658203125, 2026.412841796875, 2025.596923828125, 1992.8408203125]
mean_reward: 2009.2331990559896
std_reward: 28.07427238317485
