real_rollouts_rewards: [2037.0970458984375, 469.34332275390625, 2036.60400390625, 1824.68408203125, 2033.4818115234375, 2036.3778076171875, 201.40118408203125, 1000.8739624023438, 523.060302734375, 2035.7447509765625, 1498.11328125, 2036.0687255859375, 2037.7198486328125, 1205.154296875, 2028.480712890625, 2032.6038818359375, 1955.6962890625, 2035.845947265625, 816.6204833984375, 2035.43896484375, 510.4065246582031, 2031.4571533203125, 2038.3458251953125, 575.9906616210938, 2022.4658203125, 2034.019775390625, 2032.928466796875, 2035.000244140625, 954.7535400390625, 2037.0089111328125]
mean_reward: 1605.0929209391277
std_reward: 626.0002155848231
