real_rollouts_rewards: [257.2955017089844, 702.2535400390625, 213.83299255371094, 208.02969360351562, 230.48709106445312, 772.3001708984375, 673.5015869140625, 506.4134826660156, 784.782958984375, 542.5216674804688, 1180.35546875, 953.0758056640625, 1277.24267578125, 291.6195068359375, 470.548828125, 228.6609344482422, 1224.4990234375, 925.0269165039062, 0.158203125, 0.08203125]
mean_reward: 572.1344039916992
std_reward: 388.47196284164295
