real_rollouts_rewards: [2039.8697509765625, 2038.659423828125, 2036.4853515625, 2039.51513671875, 2037.8001708984375, 2037.4752197265625, 2039.6336669921875, 2032.884765625, 2037.7354736328125, 2040.9591064453125, 2037.542724609375, 2035.7958984375, 2035.8017578125, 2038.5166015625, 2038.195556640625, 2037.475830078125, 2036.2847900390625, 2039.539794921875, 2038.3763427734375, 2037.4017333984375, 2040.9771728515625, 2039.531005859375, 2039.87646484375, 2036.1058349609375, 2036.449951171875, 2041.0045166015625, 2040.244140625, 2042.472900390625, 2033.73779296875, 2034.6890869140625]
mean_reward: 2038.034598795573
std_reward: 2.211111512920345
