real_rollouts_rewards: [1830.2950439453125, 1836.137939453125, 1823.95458984375, 1749.8570556640625, 1840.164794921875, 1793.75244140625, 1715.0394287109375, 1748.89990234375, 1782.411865234375, 1784.946533203125]
mean_reward: 1790.5459594726562
std_reward: 40.54108966811074
