real_rollouts_rewards: [2001.0008544921875, 2033.419921875, 2017.0926513671875, 2008.5550537109375, 2027.5693359375, 2021.3148193359375, 2022.7412109375, 2018.2740478515625, 2015.810546875, 2024.9317626953125, 2012.25537109375, 2010.41796875, 2006.4561767578125, 2010.166015625, 2009.5430908203125, 2017.908447265625, 2010.356201171875, 2025.5550537109375, 2014.779296875, 1999.5157470703125, 2009.0078125, 2019.8201904296875, 2015.390380859375, 2012.3331298828125, 2013.873046875, 2012.9423828125, 2003.47900390625, 2005.3955078125, 2015.1966552734375, 2002.2684326171875]
mean_reward: 2013.9123372395834
std_reward: 7.975875530291222
