real_rollouts_rewards: [1430.877197265625, 1377.9500732421875, 1383.54931640625, 1379.300048828125, 848.7476196289062, 1372.794921875, 1465.768798828125, 1412.5616455078125, 1421.93603515625, 495.477783203125]
mean_reward: 1258.8963439941406
std_reward: 305.0869645631025
