real_rollouts_rewards: [1741.645751953125, 1115.529541015625, 1730.3023681640625, 1803.8505859375, 1818.415771484375, 1704.6500244140625, 1775.713134765625, 1702.978515625, 1617.70458984375, 1812.753173828125]
mean_reward: 1682.354345703125
std_reward: 197.78793021242964
