real_rollouts_rewards: [453.4275207519531, 333.87774658203125, 160.92129516601562, 245.71173095703125, 725.1376953125, 235.22988891601562, 865.8740234375, 200.1472625732422, 407.3369140625, 333.3843688964844, 348.1851501464844, 249.005859375, 431.91522216796875, 365.1830139160156, 443.3617248535156, 357.3411865234375, 296.57421875, 594.4904174804688, 134.86270141601562, 303.96502685546875]
mean_reward: 374.2966484069824
std_reward: 177.30913029421427
