real_rollouts_rewards: [1546.829345703125, 562.9639892578125, 2029.635498046875, 2022.783935546875, 2031.6304931640625, 2030.890625, 2022.51708984375, 2017.534423828125, 2020.2314453125, 2009.74072265625, 2023.958984375, 2030.2337646484375, 446.47491455078125, 2029.2255859375, 2012.83349609375, 2025.7613525390625, 912.7379150390625, 2022.9188232421875, 867.16259765625, 2026.776611328125, 2019.248046875, 2017.864501953125, 1822.3907470703125, 2030.476806640625, 703.4420166015625, 2006.100341796875, 2017.690673828125, 2031.383544921875, 2026.8603515625, 2025.1331787109375]
mean_reward: 1779.7810607910155
std_reward: 497.341006323848
