real_rollouts_rewards: [233.810546875, 162.64590454101562, 207.57286071777344, 340.09881591796875, 1025.3421630859375, 282.83984375, 261.3759765625, 688.5379028320312, 238.9068603515625, 146.36932373046875, 991.0470581054688, 774.4781494140625, 736.5413818359375, 383.07635498046875, 1010.2097778320312, 314.8111267089844, 165.2794952392578, 181.85975646972656, 1167.1024169921875, 1098.6636962890625]
mean_reward: 520.5284706115723
std_reward: 360.10732385378003
