real_rollouts_rewards: [85.26809692382812, 79.60101318359375, 1331.163330078125, 78.818359375, 75.61907196044922, 76.8318862915039, 89.29452514648438, 79.48146057128906, 76.55963897705078, 1255.2822265625]
mean_reward: 322.7919609069824
std_reward: 485.52813087866724
