real_rollouts_rewards: [413.294921875, 411.9087829589844, 408.54473876953125, 408.8926696777344, 411.7278747558594, 409.6143798828125, 407.39019775390625, 409.266845703125, 410.11431884765625, 407.43975830078125]
mean_reward: 409.81944885253904
std_reward: 1.8592655663107513
