real_rollouts_rewards: [1302.9573974609375, 885.1868896484375, 241.24649047851562, 983.0220947265625, 1239.68994140625, 1231.1751708984375, 1272.82421875, 341.69921875, 1368.989013671875, 1209.333251953125, 1287.0687255859375, 1493.5511474609375, 1183.493896484375, 1021.000244140625, 1316.6607666015625, 1477.0556640625, 471.1005859375, 987.8895263671875, 1410.219482421875, 274.6820373535156]
mean_reward: 1049.9422882080078
std_reward: 393.18895034405546
