real_rollouts_rewards: [1554.437255859375, 1621.223876953125, 313.5107421875, 1593.4107666015625, 301.559326171875, 229.12088012695312, 339.47259521484375, 812.3555297851562, 1409.810546875, 1347.218994140625]
mean_reward: 952.2120513916016
std_reward: 577.5788552985932
