real_rollouts_rewards: [1388.607421875, 1333.09375, 1397.263671875, 1340.2880859375, 1392.968017578125, 423.7154541015625, 1352.6568603515625, 1318.6728515625, 1330.920654296875, 474.9182434082031]
mean_reward: 1175.3105010986328
std_reward: 364.1304960856643
