real_rollouts_rewards: [1060.7666015625, 1160.173095703125, 1169.1146240234375, 1170.147216796875, 1102.060791015625, 1237.70751953125, 1195.55712890625, 1156.0712890625, 1162.6484375, 1123.27978515625]
mean_reward: 1153.7526489257812
std_reward: 46.55490185515099
