real_rollouts_rewards: [1312.849365234375, 1276.942626953125, 1252.940673828125, 1318.346435546875, 1304.601318359375, 1280.216796875, 1282.858154296875, 1351.1529541015625, 1288.7724609375, 1325.92626953125, 1326.3988037109375, 1284.47314453125, 1289.4720458984375, 1321.3955078125, 1408.75048828125, 1336.6683349609375, 1379.2415771484375, 1306.4417724609375, 1280.316650390625, 1057.393310546875, 1278.0279541015625, 1170.486083984375, 1367.528076171875, 1230.00341796875, 1282.786376953125, 1303.50146484375, 1275.418212890625, 1301.702392578125, 1355.5599365234375, 1323.340576171875, 1297.0838623046875, 1334.221923828125, 1086.379150390625, 1314.3916015625, 1268.419189453125, 1306.046142578125, 1230.7408447265625, 1336.7080078125, 1288.0308837890625, 1328.6937255859375, 1340.013916015625, 1292.5140380859375, 1267.0086669921875, 1293.90185546875, 1338.4066162109375, 1328.4927978515625, 1210.533447265625, 1309.144287109375, 1376.5062255859375, 1332.0736083984375]
mean_reward: 1295.0564794921875
std_reward: 62.106319539851086
