real_rollouts_rewards: [2009.4979248046875, 2033.078857421875, 2022.9329833984375, 2032.7642822265625, 2026.868408203125, 2039.94287109375, 2037.9610595703125, 2035.26806640625, 2038.995361328125, 2040.7391357421875, 2041.597900390625, 2025.376953125, 2040.5126953125, 1985.661376953125, 2023.80517578125, 2040.05810546875, 2035.993896484375, 2038.051025390625, 2035.311767578125, 2038.39111328125, 2034.576171875, 2041.9549560546875, 2040.084716796875, 2040.649169921875, 2037.200927734375, 2035.1165771484375, 2024.984619140625, 2037.4365234375, 2034.5035400390625, 2042.449462890625]
mean_reward: 2033.0588541666666
std_reward: 11.382296317504453
