real_rollouts_rewards: [954.986328125, 961.4814453125, 1003.388916015625, 977.9103393554688, 972.7047119140625, 1009.4580078125, 1005.3090209960938, 626.1810302734375, 995.6622924804688, 1009.9185180664062]
mean_reward: 951.7000610351563
std_reward: 110.18211911737728
