real_rollouts_rewards: [1269.0321044921875, 2015.4365234375, 1341.6993408203125, 2005.4580078125, 2019.4765625, 2016.237060546875, 2024.90625, 2015.8243408203125, 791.2445068359375, 2023.09375, 2025.76806640625, 2025.1522216796875, 2021.979248046875, 226.19784545898438, 2033.5537109375, 2009.8226318359375, 2018.372314453125, 2016.8028564453125, 1754.9840087890625, 951.2340087890625, 2011.7484130859375, 1124.7999267578125, 1976.229248046875, 1916.785400390625, 441.4432678222656, 2015.9393310546875, 2028.393310546875, 1322.7230224609375, 2013.920654296875, 2018.6314697265625]
mean_reward: 1715.8963134765625
std_reward: 515.8351753771731
