real_rollouts_rewards: [2046.066650390625, 2046.8385009765625, 2046.3701171875, 2036.5286865234375, 2040.986572265625, 2037.641357421875, 2027.4718017578125, 2035.5810546875, 2022.7977294921875, 2035.79248046875, 2038.929443359375, 2040.76123046875, 2045.523681640625, 2032.224365234375, 2026.0633544921875, 2034.056396484375, 2034.62158203125, 2040.33544921875, 2031.6678466796875, 2047.200439453125, 2034.4249267578125, 2031.2889404296875, 2025.552490234375, 2037.9932861328125, 2035.608642578125, 2029.75634765625, 2038.494140625, 2041.2969970703125, 2039.987548828125, 2041.56103515625]
mean_reward: 2036.7807698567708
std_reward: 6.44159521091649
