real_rollouts_rewards: [268.510155916214, 1689.522265061736, 1777.9769532084465, 1782.1990234851837, 1679.203516319394, 1832.0716797411442, 479.1701173186302, 1020.7667963951826, 1441.8519522547722, 1457.099998921156, 758.7265629544854, 1890.0146474093199, 95.83613280951977, 100.41386714577675, 232.87597650289536, 1874.106249704957, 1062.5404298305511, 1675.245703458786, 1817.8410153090954, 351.1191407740116, 1100.2597653269768, 1697.3712901324034, 1745.6292960196733, 613.539647385478, 1088.9025388658047, 673.8425785005093, 965.1332034021616, 1483.3705082982779, 1719.037304252386, 1861.107423260808, 1467.716797195375, 1805.8634758293629, 757.5359378159046, 388.25371092557907, 508.16074182093143, 100.2458985298872, 1668.0455059558153, 233.5611328482628, 1503.5416023880243, 431.7957030236721, 545.6296872198582, 265.9812498688698, 116.00136712193489, 1362.1812508255243, 1885.0947262495756, 781.0437497645617, 1893.9695310890675, 1890.6248046904802, 1002.6082026213408, 443.25761748850346]
mean_reward: 1105.7279686647653
std_reward: 633.1088725126307
per_step_rewards: [0.5143872718701418, 0.8245594265796662, 0.8677291133276948, 0.8697896649512854, 0.8195234340260587, 0.8941296631240333, 0.5565274301029387, 0.6581346204997953, 0.8551909562602444, 0.7111273786828481, 0.5709003483479951, 0.9224083198678965, 0.40267282693075535, 0.41493333531312704, 0.5571195610117113, 0.9146443385578121, 0.819861442770487, 0.8426789252810795, 0.8871844877057566, 0.5368794201437487, 0.5369740191932537, 0.8283900879123491, 0.8519420673595283, 0.7084753434012449, 0.5770548695632245, 0.6159438560333723, 0.7273045993987654, 0.8319520517657195, 0.8389640333100957, 0.9083003529823368, 0.8278154524508601, 0.8813389340309238, 0.7841986933912056, 0.5918501690938706, 0.574192928611222, 0.4042173327818032, 0.8140778457568645, 0.3951965022813245, 0.7871945562240965, 0.42879414401556315, 0.6123789980020855, 0.5047082540206258, 0.43446204914582354, 0.6648029530627254, 0.9200071870422526, 0.7779320216778502, 0.9243384729570852, 0.9227061028260031, 0.7578293292678313, 0.5083229558354397]
mean_per_step_reward: 0.7076409625750084
std_per_step_reward: 0.1697579609377337
