real_rollouts_rewards: [386.7939453125, 394.89739990234375, 479.8877868652344, 393.72442626953125, 375.416748046875, 391.13818359375, 501.2330627441406, 354.4585876464844, 359.2623596191406, 612.87890625, 268.648193359375, 475.5615234375, 235.0961151123047, 271.00067138671875, 353.6517639160156, 604.244873046875, 400.25396728515625, 245.97750854492188, 615.1422119140625, 1107.4744873046875, 364.6994934082031, 427.45709228515625, 283.6209716796875, 385.8228454589844, 291.7172546386719, 363.67413330078125, 273.48944091796875, 267.86669921875, 236.32101440429688, 329.856201171875]
mean_reward: 401.7089289347331
std_reward: 167.49841518766993
