real_rollouts_rewards: [2020.0843505859375, 2020.974365234375, 2028.92578125, 2025.8505859375, 2027.74853515625, 2027.457275390625, 356.3777160644531, 2024.4422607421875, 2030.7822265625, 2027.4285888671875, 2028.8192138671875, 2025.671142578125, 2022.6624755859375, 2024.603271484375, 2023.0516357421875, 2031.0018310546875, 2024.456298828125, 2027.6153564453125, 2022.21630859375, 2023.899169921875, 2027.5267333984375, 2028.2747802734375, 2023.763916015625, 2029.1572265625, 2029.256103515625, 2023.5018310546875, 2019.8779296875, 2028.319580078125, 2027.533203125, 2027.6568603515625]
mean_reward: 1970.297885131836
std_reward: 299.71230693229535
