real_rollouts_rewards: [99.8187484741211, 339.5066223144531, 243.22793579101562, 254.60684204101562, 256.25390625, 421.9501953125, 258.6995849609375, 179.56288146972656, 261.3802795410156, 120.40801239013672, 664.8765869140625, 156.45079040527344, 112.35136413574219, 356.88397216796875, 177.9412078857422, 161.4607391357422, 442.00506591796875, 430.91522216796875, 535.1439208984375, 173.1025390625, 345.6947021484375, 168.90585327148438, 518.1373291015625, 828.2941284179688, 248.2150421142578, 1314.2135009765625, 102.48379516601562, 119.81094360351562, 217.83514404296875, 320.923828125, 142.82479858398438, 300.2904052734375, 574.9337768554688, 183.30313110351562, 173.0185546875, 166.2595672607422, 158.62539672851562, 426.62774658203125, 260.18963623046875, 111.11991882324219, 433.1324157714844, 412.9009704589844, 145.5927734375, 115.509765625, 295.1177978515625, 131.79454040527344, 453.25933837890625, 398.1871032714844, 171.73690795898438, 277.58477783203125]
mean_reward: 303.2614001464844
std_reward: 214.10239824188372
