real_rollouts_rewards: [1439.65283203125, 1414.304443359375, 355.37603759765625, 379.0733642578125, 218.82748413085938, 1397.7520751953125, 1410.2275390625, 103.81755065917969, 254.77423095703125, 106.95391845703125]
mean_reward: 708.0759475708007
std_reward: 583.6604989460219
