real_rollouts_rewards: [627.3212890625, 101.16777801513672, 144.4572296142578, 292.7595520019531, 102.19023132324219, 202.1769561767578, 708.90625, 103.9345703125, 122.17578125, 109.0830078125, 107.10546875, 737.6867065429688, 239.96249389648438, 161.57949829101562, 240.57852172851562, 494.787109375, 19.07265853881836, 190.2607421875, 91.6753921508789, 114.6167984008789, 85.2587890625, 130.2341766357422, 113.44237518310547, 104.67070770263672, 100.392578125, 111.5845718383789, 334.0142822265625, 114.89667510986328, 102.64277648925781, 104.2486343383789, 187.99667358398438, 124.8046875, 106.38184356689453, 20.7685546875, 203.94960021972656, 101.59159851074219, 118.6722640991211, 221.3410186767578, 97.76524353027344, 315.2252197265625, 22.417573928833008, 113.24491882324219, 93.9369125366211, 116.5269546508789, 122.3671875, 275.5328063964844, 103.07227325439453, 100.65274047851562, 331.42266845703125, 103.44413757324219]
mean_reward: 181.8799695968628
std_reward: 156.15494408783073
