real_rollouts_rewards: [2035.853759765625, 2028.5953369140625, 2031.477783203125, 2035.2255859375, 2031.3486328125, 2036.1575927734375, 2036.54296875, 2032.864990234375, 2031.712890625, 2031.5035400390625, 2030.290771484375, 2033.708251953125, 2030.8355712890625, 2035.11181640625, 2033.274169921875, 2030.282470703125, 2037.907470703125, 2026.1778564453125, 2030.470947265625, 2032.4129638671875, 2032.7308349609375, 2039.1591796875, 2026.419189453125, 2028.835693359375, 2035.1044921875, 2029.45654296875, 2034.453857421875, 2028.1478271484375, 2032.1796875, 2037.25927734375]
mean_reward: 2032.5167317708333
std_reward: 3.2603585572594502
