real_rollouts_rewards: [2041.4964599609375, 2040.54296875, 2041.02001953125, 2042.231689453125, 2040.12451171875, 2040.3092041015625, 2040.431396484375, 2040.9384765625, 2040.978759765625, 2040.0322265625, 2041.399658203125, 2041.1990966796875, 2041.34326171875, 2041.59521484375, 2039.5177001953125, 2039.1348876953125, 2042.783935546875, 2041.53955078125, 2041.98583984375, 2039.9593505859375, 2039.789794921875, 2040.1246337890625, 2040.78515625, 2040.6220703125, 2040.6793212890625, 2041.4625244140625, 2040.431396484375, 2040.3193359375, 2039.2762451171875, 2041.36279296875]
mean_reward: 2040.7805826822917
std_reward: 0.8473130820536392
