real_rollouts_rewards: [1208.669677734375, 1303.9259033203125, 1276.7001953125, 1248.831787109375, 1213.937255859375, 1249.7908935546875, 172.73304748535156, 1228.419921875, 1240.684814453125, 1411.7210693359375]
mean_reward: 1155.541456604004
std_reward: 332.3578084647796
