real_rollouts_rewards: [2035.881103515625, 2035.704345703125, 2034.5201416015625, 2037.541748046875, 2036.743896484375, 2036.305908203125, 2036.5126953125, 2034.94921875, 2037.2979736328125, 2034.709228515625, 2037.46484375, 2036.3040771484375, 2038.0478515625, 2034.7542724609375, 2036.736328125, 2034.4730224609375, 2036.689697265625, 2035.271484375, 2035.1756591796875, 2036.14208984375, 2035.47216796875, 2035.7969970703125, 2036.9217529296875, 2037.09423828125, 2037.0087890625, 2034.7562255859375, 2035.101318359375, 2037.0020751953125, 2036.402099609375, 2035.333740234375]
mean_reward: 2036.0704996744792
std_reward: 0.9966066691590504
