real_rollouts_rewards: [1670.87451171875, 1612.829345703125, 96.02197265625, 106.48747253417969, 1814.2476806640625, 1679.497314453125, 596.0910034179688, 744.9065551757812, 1630.582763671875, 1475.724609375]
mean_reward: 1142.7263229370117
std_reward: 649.1798556817137
