real_rollouts_rewards: [111.85404968261719, 49.35829162597656, 166.78445434570312, 110.3056869506836, 104.57157135009766, 1543.9891357421875, 110.8175048828125, 43.74574279785156, 229.099365234375, 98.95075988769531]
mean_reward: 256.94765625
std_reward: 431.974609659304
