real_rollouts_rewards: [340.21429443359375, 1198.958984375, 1392.630859375, 948.372314453125, 1449.965087890625, 1251.088134765625, 1528.163330078125, 1245.916015625, 423.6261291503906, 1446.29638671875]
mean_reward: 1122.5231536865235
std_reward: 402.2361691849476
