real_rollouts_rewards: [1834.697265625, 1838.2467041015625, 1827.240478515625, 1837.7464599609375, 288.1546325683594, 1814.314453125, 1826.3026123046875, 1823.484619140625, 1803.422119140625, 1804.3785400390625]
mean_reward: 1669.7987884521485
std_reward: 460.70224120312685
