real_rollouts_rewards: [1800.8651123046875, 236.52113342285156, 236.40940856933594, 1808.6943359375, 1790.587158203125, 278.66009521484375, 181.7655029296875, 1765.4775390625, 234.41192626953125, 273.83184814453125]
mean_reward: 860.7224060058594
std_reward: 760.370153122237
