real_rollouts_rewards: [152.3916015625, 130.7302703857422, 144.9853515625, 132.2023468017578, 120.2578125, 98.03887176513672, 201.45272827148438, 278.04022216796875, 349.83984375, 347.38824462890625, 120.63397979736328, 156.43731689453125, 182.5255889892578, 174.7908172607422, 1891.775390625, 186.87734985351562, 191.03280639648438, 186.32969665527344, 305.24591064453125, 117.24042510986328]
mean_reward: 273.4108287811279
std_reward: 378.38699663224054
