real_rollouts_rewards: [1452.659912109375, 123.0460433959961, 117.80020141601562, 1330.54296875, 1459.39453125, 1384.114013671875, 118.78990173339844, 538.9178466796875, 1320.552001953125, 1445.3292236328125]
mean_reward: 929.1146644592285
std_reward: 588.2196590148367
