real_rollouts_rewards: [1073.42919921875, 1387.1480712890625, 1291.650634765625, 1311.383056640625, 1401.0965576171875, 1324.693359375, 1352.46728515625, 1344.585205078125, 1339.1226806640625, 1370.952392578125]
mean_reward: 1319.6528442382812
std_reward: 87.97830172577561
