real_rollouts_rewards: [104.20515441894531, 1232.7025146484375, 1234.16796875, 211.58839416503906, 95.89814758300781, 1296.4708251953125, 591.3759155273438, 80.84397888183594, 670.3619384765625, 1183.8369140625]
mean_reward: 670.1451751708985
std_reward: 500.4556038999216
