real_rollouts_rewards: [1750.8197737783194, 240.25049211084843, 1793.6098682433367, 246.52651742100716, 228.50944751501083, 91.57067006826401, 119.8737370222807, 1779.7953374683857, 282.22459249198437, 1672.6425876766443, 159.26464369148016, 1793.049743399024, 1715.182827219367, 1690.9385026842356, 387.5555254369974, 1620.0696449279785, 1647.2933885753155, 1688.9402227401733, 1708.5358721464872, 1756.1191253215075, 1719.514193341136, 1785.3059118390083, 1558.7002447843552, 1650.4783676415682, 172.7364476621151, 756.0567468702793, 1716.8043062239885, 463.94968001544476, 1724.512761682272, 1699.8339792191982, 1671.6162342727184, 241.93507808446884, 1747.845761552453, 1788.942915931344, 586.7521923929453, 1755.454992160201, 1739.9292526245117, 1583.168007582426, 1700.6098111867905, 1720.559622719884, 247.28929767012596, 235.21293592453003, 1713.277834713459, 221.36722830682993, 84.99313026666641, 246.14685812592506, 260.0234504491091, 1753.0582785010338, 219.5088378638029, 1708.0760217010975, 1683.0747086703777, 1744.9892326444387, 1707.4720028340816, 1742.4617183357477, 1781.0798039734364, 1657.0075765401125, 105.90531465411186, 1772.5091198384762, 1581.7923906594515, 1743.3375210464, 105.59274451434612, 244.51567310094833, 1442.0192152261734, 1588.5977551937103, 1689.1330815404654, 1684.1706078201532, 1726.3495111465454, 1744.0988456904888, 312.6119828671217, 1742.5776061564684, 240.52087371051311, 1680.5789929032326, 1644.836205124855, 1796.7517530173063, 217.46845273673534, 296.0274018794298, 1668.5915169417858, 1741.0611358135939, 257.9412321150303, 1783.9571560174227, 403.14483892917633, 268.1953215152025, 1743.5550709813833, 1650.2420912832022, 1741.8938345462084, 1647.4146125465631, 1577.0334723740816, 445.98674258589745, 1617.7158102095127, 1748.7600332945585, 218.32963779568672, 1581.6918008178473, 256.7771074771881, 239.5015805065632, 1741.7969949692488, 1709.3098278045654, 213.3730782866478, 1742.187744602561, 1786.2481455355883, 168.51297990977764]
mean_reward: 1184.7513475993276
std_reward: 697.6789886857126
description: "reward when deployed on sim with double mp"
