real_rollouts_rewards: [761.2662353515625, 1237.9775390625, 890.7185668945312, 520.4070434570312, 828.871337890625, 1484.8427734375, 1300.0113525390625, 1225.592529296875, 1438.6287841796875, 585.7027587890625]
mean_reward: 1027.4018920898438
std_reward: 334.26996087449606
