real_rollouts_rewards: [268.25653076171875, 88.79724884033203, 93.24588012695312, 99.91193389892578, 91.36882019042969, 75.56443786621094, 99.14331817626953, 341.50213623046875, 104.58448028564453, 78.5208740234375]
mean_reward: 134.08956604003907
std_reward: 87.37183901118446
