real_rollouts_rewards: [279.80316162109375, 336.5393371582031, 1792.2962646484375, 1798.2430419921875, 353.6402587890625, 1798.94091796875, 1796.309814453125, 1802.359375, 1785.5404052734375, 1795.8016357421875]
mean_reward: 1353.9474212646485
std_reward: 674.933512021013
