real_rollouts_rewards: [253.48683166503906, 1766.48193359375, 229.76498413085938, 370.32464599609375, 1785.289794921875, 221.81454467773438, 1727.642333984375, 217.43511962890625, 101.32760620117188, 1631.3726806640625]
mean_reward: 830.4940475463867
std_reward: 736.0417225475051
