real_rollouts_rewards: [412.44085693359375, 408.5875244140625, 406.86053466796875, 408.38494873046875, 410.2369384765625, 407.4168395996094, 404.2607116699219, 413.2424011230469, 408.9803161621094, 408.71197509765625]
mean_reward: 408.9123046875
std_reward: 2.4792520737044796
