real_rollouts_rewards: [2034.379150390625, 2036.0653076171875, 2034.26708984375, 2034.3721923828125, 2034.4940185546875, 2035.7337646484375, 2035.5947265625, 2034.5909423828125, 2034.4912109375, 2034.83056640625, 2035.8685302734375, 2034.636474609375, 2034.4320068359375, 2035.68359375, 2034.4261474609375, 2035.75732421875, 2035.9801025390625, 2035.54638671875, 2034.861572265625, 2034.562255859375, 2034.307373046875, 2035.68310546875, 2035.733154296875, 2035.673583984375, 2034.939453125, 2036.1099853515625, 2034.29248046875, 2034.6357421875, 2034.70263671875, 2034.6014404296875]
mean_reward: 2035.0417439778646
std_reward: 0.6352280197192627
