real_rollouts_rewards: [319.14666748046875, 944.908935546875, 1120.2611083984375, 391.7856140136719, 924.3983764648438, 1440.88134765625, 1334.46875, 311.9283142089844, 446.99920654296875, 1422.452880859375]
mean_reward: 865.7231201171875
std_reward: 440.4953151175993
