real_rollouts_rewards: [104.11308288574219, 96.2300796508789, 359.5249938964844, 674.3023681640625, 1173.009033203125, 88.37089538574219, 510.44976806640625, 1293.330078125, 231.5886688232422, 1821.6292724609375, 882.259765625, 159.4337921142578, 337.2574462890625, 340.1214904785156, 255.826171875, 1094.476318359375, 469.5671691894531, 1060.0665283203125, 634.923828125, 758.3103637695312]
mean_reward: 617.2395557403564
std_reward: 463.26479440712706
