real_rollouts_rewards: [1271.354248046875, 1863.484619140625, 1124.64599609375, 1509.570068359375, 1363.12353515625, 943.7426147460938, 383.7529296875, 764.7998046875, 209.43887329101562, 1067.7646484375, 310.0082092285156, 711.6607666015625, 1846.968505859375, 1131.0084228515625, 1234.8819580078125, 831.615966796875, 468.02850341796875, 898.271728515625, 513.1027221679688, 365.1201171875, 922.7730712890625, 1002.404541015625, 411.2857360839844, 1246.739013671875, 902.3704833984375, 662.363525390625, 448.14630126953125, 1503.6114501953125, 753.580810546875, 1318.2418212890625, 470.5129089355469, 1130.64111328125, 1403.275390625, 326.89044189453125, 773.2117309570312, 1113.23095703125, 1492.1240234375, 413.5625, 1320.022705078125, 1237.4864501953125, 745.7083740234375, 1352.726806640625, 984.8121337890625, 354.9976806640625, 941.1201171875, 774.8587646484375, 224.08847045898438, 468.3189392089844, 1813.2535400390625, 177.5517578125]
mean_reward: 910.0451159667969
std_reward: 448.5916928883518
