real_rollouts_rewards: [151.2488250732422, 113.36778259277344, 395.88323974609375, 166.86895751953125, 274.8519592285156, 1328.311279296875, 1429.233642578125, 104.83866882324219, 286.3870849609375, 286.40606689453125, 97.9410171508789, 386.9732360839844, 127.24551391601562, 393.0007629394531, 182.9367218017578, 1760.8646240234375, 232.7109375, 228.09609985351562, 150.69003295898438, 162.47225952148438]
mean_reward: 413.01643562316895
std_reward: 473.58868655166043
