real_rollouts_rewards: [326.89764404296875, 1421.152099609375, 1429.974365234375, 1436.95458984375, 1368.5255126953125, 1380.534912109375, 1437.4385986328125, 1406.836181640625, 1383.6014404296875, 203.68032836914062]
mean_reward: 1179.5595672607421
std_reward: 458.53984806438257
