real_rollouts_rewards: [1761.078125, 1247.63134765625, 1688.275634765625, 1801.52099609375, 1794.123291015625, 1274.5216064453125, 1831.043212890625, 1802.06005859375, 1786.4095458984375, 417.03424072265625]
mean_reward: 1540.369805908203
std_reward: 428.3621488070342
