real_rollouts_rewards: [2030.0679931640625, 2029.420166015625, 2039.3741455078125, 2034.76513671875, 2036.755126953125, 2030.661865234375, 2039.151611328125, 2037.660888671875, 2038.8995361328125, 2032.153076171875, 2036.9764404296875, 2032.576904296875, 2031.93310546875, 2033.77099609375, 2034.765625, 2036.7149658203125, 2032.6402587890625, 2031.38232421875, 2034.5703125, 2038.224365234375, 2035.858642578125, 2038.0382080078125, 2037.5760498046875, 2038.3406982421875, 2038.430908203125, 2038.5625, 2029.423095703125, 2035.2705078125, 2030.4588623046875, 2029.98095703125]
mean_reward: 2034.8135091145834
std_reward: 3.2927868621920777
