real_rollouts_rewards: [1051.1864013671875, 300.31719970703125, 174.5224609375, 1167.8011474609375, 263.14764404296875, 1328.638916015625, 346.4117126464844, 1221.0384521484375, 910.9794921875, 396.59844970703125, 219.42031860351562, 506.4505920410156, 698.2373046875, 416.79510498046875, 601.8707275390625, 1080.555419921875, 145.74200439453125, 118.119140625, 319.6878967285156, 361.36151123046875, 1337.109619140625, 1260.96630859375, 151.8406219482422, 326.0579833984375, 151.43789672851562, 865.2532958984375, 1218.8348388671875, 161.04647827148438, 569.900390625, 186.51173400878906, 353.3501892089844, 1230.681640625, 269.44158935546875, 364.6861267089844, 306.42657470703125, 160.35760498046875, 202.15585327148438, 777.5123291015625, 1156.16796875, 114.138671875, 1356.6455078125, 610.350341796875, 201.0166015625, 604.5111083984375, 1280.93115234375, 1266.33154296875, 1389.364501953125, 166.8474578857422, 1233.62109375, 697.970458984375]
mean_reward: 632.0069876098632
std_reward: 441.6835957991536
